516 132 752 122 4.58394 4102
516 140 752 132 4.63512 4102
516 36 748 14 4.30943 5559
516 148 750 140 4.68977 4102
516 156 754 148 4.71868 4102
516 164 756 158 4.60207 2212
516 172 758 164 4.52145 6855
516 180 750 178 4.33407 523
516 188 756 174 4.3607 278
516 204 890 206 4.49103 2862
516 52 752 26 4.37925 6230
516 212 890 210 4.24413 6412
516 220 890 218 4.17761 2862
516 228 894 228 4.22314 19763
516 60 752 34 4.61373 333
516 68 752 44 4.628 333
516 76 754 56 4.60342 333
516 84 752 66 4.54264 333
516 364 342 310 4.17125 38930
516 92 752 72 4.55576 333
516 100 750 82 4.61779 333
516 108 750 92 4.55555 3588
516 28 748 6 4.43475 359
516 116 752 102 4.51098 333
524 132 760 122 4.6599 4102
524 140 760 130 4.67258 4102
524 36 758 14 4.38102 2693
524 148 760 138 4.71062 4102
524 156 762 148 4.67671 4102
524 164 762 156 4.57055 2212
524 172 762 166 4.55176 6855
524 188 762 178 4.43909 278
524 204 898 206 4.23311 15440
524 52 762 22 4.48166 4661
524 212 902 210 4.20403 15440
524 220 902 218 4.144 6991
524 60 762 32 4.68949 690
524 68 762 42 4.62367 690
524 76 758 50 4.56898 445
524 84 762 62 4.56633 333
524 364 352 312 4.14001 38930
524 92 762 74 4.57663 333
524 100 762 82 4.6058 333
524 108 762 90 4.55175 3588
524 28 758 4 4.46372 2693
524 116 760 102 4.54143 333
524 124 762 110 4.39227 690
132 132 328 122 4.3441 651
132 140 326 130 4.15011 2171
132 164 330 154 4.28031 543
132 180 334 174 4.52371 2171
132 188 330 182 4.49551 2171
132 12 262 8 4.34405 2171
132 196 326 194 4.4799 651
132 212 312 210 4.52613 543
132 220 310 224 4.56981 651
132 228 308 232 4.51813 134
132 236 322 246 4.57586 2171
132 244 344 256 4.2063 7
132 308 318 322 3.9958 5217
132 324 610 330 3.99606 1403
132 340 364 346 3.97858 4787
132 348 448 324 3.97378 364
132 124 328 114 4.28293 651
532 132 770 122 4.61684 4102
532 140 770 130 4.65154 4102
532 36 768 10 4.47108 3588
532 148 770 140 4.66531 4102
532 156 774 148 4.65885 4102
532 172 774 170 4.55253 6855
532 44 768 18 4.40688 3588
532 180 772 178 4.40953 523
532 196 770 192 4.1818 2342
532 52 774 26 4.57426 6857
532 60 772 34 4.73225 956
532 244 1132 270 3.90605 36817
532 68 772 42 4.72417 956
532 76 770 52 4.63862 295
532 84 770 62 4.59217 295
532 356 1230 360 4.0357 4002
532 92 774 70 4.62951 295
532 100 772 80 4.49143 333
532 108 772 90 4.47113 304
532 28 768 2 4.38425 2693
532 116 758 90 4.4516 188
540 132 780 124 4.65975 4102
540 140 780 130 4.62772 4102
540 36 776 14 4.31171 3588
540 148 780 140 4.71517 4102
540 156 782 148 4.65264 4102
540 164 784 158 4.5725 2212
540 172 786 170 4.4752 6855
540 52 780 24 4.5217 6857
540 60 780 34 4.69701 956
540 68 780 42 4.72983 956
540 76 782 52 4.64366 295
540 84 782 62 4.64545 295
540 356 1234 358 4.09407 5189
540 92 782 70 4.67619 295
540 100 782 80 4.57847 1303
540 108 786 96 4.54892 1303
540 28 778 2 4.14542 3237
540 116 786 104 4.55074 1303
540 124 782 110 4.57327 690
548 132 788 122 4.57397 4009
548 140 788 132 4.5925 690
548 36 786 10 4.41017 3663
548 148 790 140 4.62453 4009
548 156 794 150 4.66043 4009
548 172 810 162 4.35213 7591
548 188 742 168 4.31678 873
548 52 792 22 4.60322 6857
548 60 792 30 4.68623 956
548 268 616 290 3.99944 9471
548 68 794 38 4.68168 956
548 76 792 52 4.65403 956
548 84 792 58 4.57507 956
548 92 792 70 4.64044 295
548 100 792 82 4.50301 1303
548 108 790 92 4.56592 956
548 28 786 2 4.41682 5559
548 116 792 102 4.55008 1303
548 124 788 112 4.57095 690
556 148 806 138 4.62787 6857
556 156 808 148 4.59701 6857
556 172 810 168 4.32525 7591
556 44 798 12 4.48346 1904
556 12 582 8 4.15152 10531
556 52 802 22 4.56812 6857
556 228 878 262 4.1215 303
556 60 802 30 4.66823 956
556 4 582 0 4.09561 10531
556 68 802 40 4.64578 956
556 76 802 50 4.64612 956
556 84 802 60 4.65691 956
556 92 800 70 4.61965 295
556 100 802 82 4.57641 1303
556 108 798 94 4.4867 956
556 28 798 0 4.41301 2693
556 116 800 100 4.4865 956
556 124 800 110 4.37882 295
140 132 336 122 4.34908 651
140 140 338 132 4.30563 2171
140 36 280 44 4.38738 2524
140 148 330 134 4.07073 651
140 172 992 146 4.19049 11162
140 180 338 174 4.52336 2171
140 188 338 184 4.51517 2171
140 12 270 8 4.37008 2171
140 196 338 192 4.42238 651
140 236 328 246 4.65806 2524
140 244 422 258 4.19388 76
140 4 270 2 4.40936 2171
140 284 850 202 4.04205 17389
140 316 296 346 3.99181 7017
140 20 662 20 4.28639 447
140 324 446 304 3.98292 1449
140 348 476 320 4.0166 1343
140 356 474 330 3.97482 1343
140 124 336 112 4.26401 651
564 132 842 118 4.36993 331
564 36 806 10 4.62289 3663
564 148 818 140 4.51732 7591
564 156 818 148 4.55441 7591
564 164 822 156 4.39527 192
564 52 806 34 4.36066 6230
564 212 950 258 4.09003 24590
564 220 950 266 4.08997 24590
564 228 886 264 4.05021 303
564 4 590 0 4.12651 10531
564 76 810 54 4.59566 1303
564 84 810 60 4.65591 1303
564 92 812 70 4.637 304
564 100 812 80 4.54562 1303
564 108 806 94 4.51412 1303
564 28 806 0 4.39873 2693
572 36 818 8 4.58748 3663
572 156 830 148 4.39737 192
572 164 830 156 4.36949 192
572 44 816 16 4.56261 3663
572 180 728 178 4.26785 1370
572 60 814 38 4.53962 333
572 244 952 320 3.9547 29988
572 68 812 46 4.4796 333
572 76 816 54 4.54064 333
572 84 818 62 4.53888 333
572 92 820 70 4.49396 224
572 100 820 82 4.35459 333
572 108 814 96 4.49654 333
572 124 834 106 4.34763 228
36 132 58 104 4.05801 34670
36 164 694 154 4.14606 16070
36 180 248 176 4.37864 3644
36 228 312 230 4.24213 1544
36 236 266 236 4.26844 157
36 244 266 244 4.34687 157
36 300 250 304 4.04006 933
36 308 250 312 4.06517 933
36 316 250 328 4.08249 933
36 324 246 338 4.01868 933
36 332 266 338 4.02138 4289
580 140 842 128 4.39057 331
580 36 828 8 4.45573 3588
580 148 842 138 4.48854 4102
580 156 842 148 4.5252 4102
580 164 840 158 4.42939 192
580 172 842 166 4.34892 4661
580 44 830 18 4.46244 3588
580 180 844 174 4.18746 407
580 52 828 26 4.34877 3588
580 212 878 240 4.13223 303
580 60 828 34 4.35557 256
580 68 840 42 4.36484 168
580 84 824 58 4.44113 192
580 92 838 70 4.45833 331
580 100 838 74 4.46596 331
580 108 836 88 4.35077 4172
580 116 842 98 4.31296 331
580 124 842 106 4.38384 331
588 36 838 6 4.51374 3588
588 148 854 138 4.55166 4102
588 156 852 148 4.52057 4102
588 44 838 16 4.45128 3588
588 236 782 320 3.98587 8221
588 60 836 36 4.44938 256
588 68 836 44 4.44089 256
588 76 836 58 4.42875 256
588 92 850 68 4.47882 331
588 100 848 76 4.52573 331
588 108 846 86 4.41935 228
148 36 288 44 4.4068 6943
148 44 288 50 4.38589 6943
148 188 346 182 4.36168 2171
148 212 326 214 4.54934 2824
148 220 326 222 4.58266 651
148 236 338 246 4.68109 2524
148 252 968 248 4.38718 4924
148 284 1034 282 4.22386 12164
148 292 854 212 4.02178 17389
148 300 1028 288 4.02038 9683
148 348 482 320 4.03593 1343
148 356 482 330 4.01532 1343
596 132 850 114 4.35651 3263
596 36 846 6 4.42249 2758
596 148 858 138 4.56144 331
596 156 862 146 4.53998 4102
596 44 848 16 4.37679 4073
596 52 850 24 4.17192 2212
596 60 864 30 4.31746 331
596 84 858 58 4.43156 4172
596 92 856 66 4.51438 228
596 100 858 76 4.50657 228
596 108 858 86 4.45953 331
596 116 856 98 4.47394 331
596 124 848 102 4.38788 3263
604 140 862 128 4.56659 331
604 36 852 10 4.26441 4102
604 148 866 138 4.58326 331
604 156 874 150 4.54993 4102
604 204 722 234 4.19311 9756
604 52 856 24 4.26585 2212
604 212 686 154 4.38918 9294
604 60 870 22 4.41694 420
604 68 870 36 4.37076 331
604 76 866 46 4.36314 2212
604 84 866 54 4.46872 4172
604 92 864 66 4.44479 331
604 108 866 88 4.46386 331
604 28 866 2 4.23403 3263
604 116 862 94 4.42624 331
604 124 866 106 4.42517 247
612 140 866 128 4.4328 407
612 156 884 148 4.46991 4590
612 164 884 158 4.46248 1928
612 44 870 12 4.25724 3460
612 212 730 248 4.09075 8444
612 60 882 24 4.3612 420
612 68 878 34 4.38439 420
612 84 874 54 4.26745 5500
612 92 872 66 4.39123 407
612 100 872 74 4.34704 407
620 140 876 126 4.25955 452
620 36 892 2 4.25672 3688
620 180 538 98 4.06066 34507
620 60 892 22 4.39566 420
620 68 894 34 4.33874 420
620 76 892 44 4.33859 5500
156 132 346 122 4.59163 61
156 140 346 128 4.61451 229
156 148 346 138 4.53566 229
156 156 346 154 4.7491 229
156 172 346 162 4.55542 2934
156 180 356 174 4.40602 2171
156 188 356 182 4.40009 2171
156 212 334 214 4.35386 2824
156 220 334 222 4.61067 651
156 260 978 256 4.55364 2743
156 84 302 34 4.35972 263
156 364 552 336 3.95191 11549
156 108 278 72 4.23127 6943
628 36 900 0 4.33726 3688
628 148 902 138 4.39346 5789
628 156 906 148 4.35896 5789
628 180 890 180 4.11754 615
628 196 794 194 4.04008 1728
628 60 902 22 4.30992 420
628 76 902 46 4.34918 362
628 84 884 70 4.28133 3808
636 148 914 138 4.38889 5789
636 156 912 148 4.32724 5789
636 196 930 194 3.8486 2361
636 52 902 24 4.26079 5500
636 292 890 268 4.10618 5222
636 300 890 274 4.10037 5222
636 76 914 44 4.35315 362
636 84 910 52 4.34046 362
636 116 846 92 4.22827 3370
644 164 910 162 4.23754 5789
644 44 910 16 4.23429 3460
644 180 912 182 4.40677 509
644 52 910 26 4.22972 5500
644 220 750 214 3.92165 3974
644 68 914 50 4.29695 411
644 76 910 44 4.29743 5500
644 84 910 60 4.30732 411
652 148 926 138 4.20728 5789
652 164 920 162 4.34558 5789
652 172 918 170 4.44332 509
652 180 920 182 4.44536 509
652 348 770 276 4.05756 7304
164 132 352 120 4.61579 61
164 140 352 130 4.67438 229
164 36 640 16 4.39936 5010
164 148 352 142 4.67948 2934
164 164 352 158 4.76198 229
164 172 352 164 4.59665 2934
164 180 362 174 4.42534 61
164 188 362 184 4.38971 61
164 196 352 206 4.54109 864
164 220 346 222 4.55031 3161
164 76 402 38 4.47071 803
164 84 402 46 4.44723 803
164 340 570 312 4.04075 13168
164 124 344 110 4.47674 864
660 148 914 94 4.20001 4667
660 156 936 152 4.26037 509
660 164 936 160 4.28604 509
660 172 926 170 4.3085 600
660 180 932 182 4.32297 509
660 196 898 184 4.10872 1701
660 212 764 204 3.97665 5535
660 100 890 62 4.29037 4667
660 108 890 66 4.28324 4667
668 140 952 126 4.24162 3315
668 164 946 160 4.22684 509
668 172 942 174 4.38214 509
668 180 942 178 4.37207 509
668 84 834 54 4.37424 9219
668 108 896 68 4.29204 4667
668 124 952 108 4.29095 1614
676 132 960 118 4.22459 1614
676 76 840 48 4.40425 9219
684 132 970 118 4.21992 3315
684 140 970 130 4.25502 3315
172 132 360 120 4.3923 70
172 148 368 140 4.62649 2934
172 156 368 150 4.65303 229
172 172 368 168 4.54143 2934
172 188 368 186 4.47031 61
172 212 354 214 4.56745 2934
172 228 346 234 4.65315 2934
172 4 654 22 4.36211 427
172 108 350 92 4.37558 1378
172 116 350 102 4.49814 2934
172 124 352 110 4.54922 2934
692 140 982 130 4.21426 3315
692 156 978 150 4.19529 3315
700 324 790 258 4.14309 8937
44 164 700 154 4.16931 16315
44 300 258 304 4.08784 933
44 324 256 336 4.06011 933
708 52 530 46 4.21955 30774
716 140 904 118 4.04828 9588
716 36 808 0 4.22676 29413
180 132 376 122 4.61202 86
180 140 378 130 4.63453 86
180 148 378 138 4.59714 2934
180 156 376 150 4.63793 229
180 164 374 158 4.66957 229
180 172 378 166 4.42954 2934
180 188 378 182 4.45321 61
180 212 360 214 4.6083 2934
180 220 358 222 4.59465 2934
180 228 354 234 4.6539 2934
180 364 1088 336 4.41205 406
180 108 358 90 4.45716 1378
180 116 358 98 4.51706 2934
180 124 360 110 4.47328 2934
724 60 544 62 4.10005 41337
724 116 1034 98 4.04803 17345
724 124 1032 106 4.01322 15038
732 100 1044 74 3.97332 15038
732 116 1044 98 4.06764 17345
732 124 1042 106 4.0418 15038
740 132 1056 118 4.17033 17345
740 140 1054 128 4.0098 13197
740 148 1054 138 4.02103 17916
740 116 1058 98 4.03865 15038
740 124 1056 106 4.11582 17345
748 132 1066 118 4.16005 17345
748 124 1066 106 4.11663 17345
188 132 384 124 4.598 86
188 156 386 148 4.58655 61
188 196 378 194 4.41723 820
188 204 368 204 4.56317 886
188 212 370 214 4.53707 3161
188 220 370 222 4.578 3161
188 4 326 6 4.37504 6317
188 292 1042 284 4.61133 12304
188 324 1046 322 4.58777 12304
188 364 1096 338 4.38322 406
756 132 896 112 4.12353 2229
12 44 300 52 4.32068 2790
12 188 230 182 4.47927 157
12 196 228 192 4.41421 157
12 204 230 200 4.43981 157
12 212 230 208 4.43961 157
12 76 378 66 4.26004 6156
12 308 230 314 3.99981 1452
12 92 372 82 4.12363 17199
772 164 1094 130 3.9257 17872
780 76 998 34 3.93067 25560
196 132 390 118 4.44776 61
196 140 390 130 4.66358 2976
196 148 390 138 4.72513 2976
196 164 390 158 4.55296 2976
196 44 394 14 4.49993 3154
196 188 382 186 4.39098 3093
196 204 376 222 4.51643 1148
196 252 680 256 4.44714 1916
196 28 396 0 4.49508 404
788 252 122 158 3.76131 65209
788 84 946 102 4.10826 11687
796 212 120 128 4.03361 58117
796 252 0 190 3.95636 56856
796 340 10 276 3.89219 45781
804 164 964 170 4.06154 11687
804 332 14 270 4.08396 34680
812 164 974 168 4.07806 11687
812 212 138 142 3.97392 58610
812 268 2 224 4.22026 35723
812 100 994 126 3.95191 19949
204 132 394 122 4.41859 249
204 140 398 130 4.68707 2976
204 36 402 6 4.54735 1990
204 148 398 138 4.65317 2976
204 156 398 150 4.67041 126
204 164 398 158 4.74771 1251
204 172 398 166 4.71738 1251
204 188 398 184 4.46684 1251
204 196 390 196 4.54691 1251
204 204 378 206 4.52944 2096
204 212 382 214 4.53214 3118
204 220 380 226 4.56866 2096
204 228 378 236 4.6147 2096
204 4 444 30 4.51336 39
204 68 418 40 4.48675 126
204 108 390 94 4.40516 2096
204 124 396 110 4.49703 799
820 188 162 94 3.98002 75416
820 276 8 230 4.16376 35723
820 84 984 108 3.95819 19548
820 92 994 112 4.04123 11687
828 180 184 78 3.96661 51578
828 196 162 182 4.16178 55510
828 300 6 250 4.13963 34669
828 308 10 258 4.1626 34669
828 316 186 286 4.11891 54901
828 84 994 108 3.97807 19548
828 92 1000 112 4.0466 11687
828 116 1158 32 3.9329 62300
52 172 250 126 4.18065 121
52 180 58 178 4.13607 36188
52 244 274 244 4.27898 75
52 340 362 328 3.99018 4139
52 92 238 74 4.21437 211
52 100 238 86 4.26647 211
52 108 238 92 4.29186 211
52 116 238 98 4.23597 211
836 292 182 246 4.29844 39596
836 116 1070 88 4.13093 27720
844 132 92 208 4.00714 28315
844 196 172 182 4.28869 33926
844 284 26 224 4.19318 34669
844 292 10 236 4.25961 52455
844 300 22 246 4.23821 61345
844 332 188 346 4.00768 52542
844 92 1080 74 3.97174 27720
844 108 1080 82 4.15464 27720
844 28 1052 6 3.90073 35960
844 116 1080 88 4.16194 27720
212 132 402 118 4.52942 249
212 140 404 130 4.55177 2976
212 36 414 10 4.51581 591
212 148 404 138 4.52556 2976
212 156 406 148 4.68144 126
212 164 406 160 4.74589 1251
212 172 406 168 4.72775 1251
212 44 406 8 4.50159 3154
212 180 406 176 4.6505 126
212 196 396 196 4.51344 1251
212 204 394 208 4.56275 2976
212 212 390 214 4.53799 2976
212 220 390 226 4.59353 2096
212 4 450 30 4.54013 39
212 260 1054 246 5.1591 9299
212 68 462 28 4.53567 130
212 300 1070 290 5.01976 2834
212 76 462 38 4.56298 130
212 100 402 90 4.42686 60
212 108 404 98 4.47452 167
212 28 410 2 4.57346 591
212 124 410 110 4.55495 799
852 36 978 86 3.8814 25683
852 188 4 192 4.01572 30835
852 60 1078 2 3.99582 20410
852 68 1080 10 4.01985 25001
852 292 190 246 4.28166 39596
852 316 24 256 4.10573 48000
852 84 1020 108 4.02397 20672
852 364 222 326 3.88605 38711
852 28 1054 8 3.92663 51321
860 52 1092 2 4.02173 25001
860 252 206 208 4.4183 33926
860 300 176 260 4.23147 49590
860 308 178 266 4.24432 49590
860 316 130 254 4.10943 33926
860 20 1062 0 4.0203 35960
868 252 210 206 4.41993 33926
868 268 22 222 4.25739 33238
868 276 22 230 4.21419 33238
868 316 34 258 4.12517 52455
868 20 1070 2 3.93571 35960
876 228 210 184 4.38946 41100
876 60 1102 16 4.11911 30135
876 268 28 222 4.26777 47903
876 276 28 232 4.27842 47903
876 284 178 248 4.22944 30082
876 300 218 266 4.1695 42379
876 308 178 274 4.14383 30082
876 324 18 268 4.08923 61728
876 340 210 310 3.94784 47318
220 132 414 120 4.6401 77
220 140 412 132 4.67135 2976
220 36 418 12 4.57038 591
220 148 414 140 4.65899 2976
220 156 414 148 4.69445 2976
220 164 414 158 4.68168 2976
220 172 414 166 4.67931 1751
220 180 414 176 4.71376 1251
220 188 414 186 4.68197 1251
220 196 412 194 4.48927 2096
220 204 400 210 4.54763 2976
220 212 398 216 4.5958 2976
220 260 1062 246 5.23481 7622
220 268 1058 254 5.24515 7622
220 68 466 30 4.56276 130
220 300 1074 290 5.11583 2796
220 76 470 38 4.60286 130
220 92 408 74 4.57651 55
220 100 408 90 4.45614 55
220 108 410 98 4.51008 55
220 28 418 4 4.57116 591
884 268 50 224 4.26999 52455
884 300 234 260 4.13661 54252
884 308 232 268 4.13864 54252
884 316 22 262 4.08594 46914
884 84 1106 24 4.08152 25560
884 116 1150 82 4.10254 34253
884 124 1014 66 4.06684 36902
892 60 1110 10 4.07897 30135
892 268 44 224 4.24523 47903
892 68 218 146 4.18858 36497
892 284 66 234 4.40631 52455
892 292 186 254 4.28127 30082
892 300 190 272 4.19688 30082
892 308 262 274 4.18428 44971
892 100 1112 22 4.33297 25001
892 108 1112 30 4.32666 25001
900 140 1138 96 4.09134 27720
900 212 58 186 4.29081 52711
900 228 58 206 4.23645 52711
900 236 56 214 4.23375 52711
900 268 72 222 4.23632 52455
900 276 72 228 4.39864 52455
900 284 74 236 4.3829 52455
900 292 192 254 4.25988 30082
900 300 282 268 4.18213 41453
900 76 1118 14 4.3204 25560
900 308 202 278 4.24557 30082
900 332 208 278 4.10683 47820
900 84 1120 26 4.32782 25560
900 100 1118 34 4.32315 25560
908 148 1144 100 4.01609 35069
908 212 64 190 4.32688 52711
908 220 62 194 4.3172 52711
908 292 282 258 4.1865 53479
908 92 1038 54 4.1635 38346
908 100 1038 58 4.16928 38346
908 116 1040 62 4.22138 32754
228 132 422 118 4.59148 77
228 140 422 126 4.57109 77
228 36 426 14 4.55625 1990
228 148 422 140 4.48198 2096
228 164 418 158 4.56936 1251
228 172 418 168 4.58901 126
228 180 420 176 4.64516 1251
228 188 420 184 4.68195 1251
228 12 386 10 4.41495 91
228 196 420 194 4.50587 2096
228 212 418 214 4.44949 181
228 236 1070 242 5.18904 6167
228 60 434 36 4.56199 267
228 268 1046 254 5.28771 10328
228 276 1050 262 5.28823 10328
228 284 1054 270 5.28813 10328
228 76 430 46 4.61612 267
228 308 1090 298 5.13271 4129
228 324 1062 324 4.69765 16638
228 84 430 54 4.65241 267
228 92 410 70 4.55443 203
228 28 428 2 4.5302 1990
916 252 82 202 4.19562 47903
916 76 1002 38 4.02548 44694
916 308 186 266 4.13258 50326
916 332 224 282 4.07455 58503
916 84 1182 58 4.08171 40147
916 348 228 298 3.99717 43693
916 364 238 294 4.00495 33800
916 92 1042 50 4.09577 32754
924 212 232 190 4.37224 33926
924 228 74 200 4.18911 52711
924 236 78 210 4.19488 52711
924 76 1234 86 4.17751 42815
924 84 1234 96 4.17985 42815
924 356 240 298 3.9423 43007
932 220 242 202 4.37388 33926
932 236 84 210 4.10565 47903
932 68 1048 18 4.1571 41043
932 284 90 234 4.16456 56645
932 76 1046 22 4.19861 41043
932 324 824 282 3.94384 57519
932 84 1050 38 4.18362 37604
932 92 1200 78 4.21263 34729
932 100 1200 82 4.21796 34729
932 28 1018 12 3.74513 58339
932 116 1050 90 4.19397 36933
932 124 1178 98 4.16989 40386
940 132 1206 98 4.18057 46763
940 156 102 60 3.91405 27097
940 76 1056 22 4.22061 37604
940 84 1056 24 4.12162 42946
940 124 1206 94 4.19223 46763
236 204 434 198 4.56348 136
236 52 420 16 4.57631 5734
236 260 1054 250 5.28771 10328
236 68 418 38 4.59488 156
236 276 1058 266 5.28823 10328
236 292 1056 272 5.24176 10093
236 300 1094 290 5.13634 4129
236 76 438 48 4.63038 267
236 308 1096 298 5.12432 4129
236 324 1070 322 4.79036 15072
236 92 418 70 4.53237 156
236 100 420 90 4.5086 156
236 28 434 2 4.52494 591
236 116 422 102 4.55194 45
948 132 1216 98 4.17847 46763
948 156 106 60 3.98663 27097
948 76 1064 22 4.19367 37604
948 84 1064 24 4.17379 42946
948 92 1144 30 4.11507 30457
948 100 1144 36 4.13827 30457
948 124 1216 90 4.20997 46763
956 132 104 166 4.10554 30707
956 228 112 174 4.0773 51228
956 68 1072 16 4.1508 41043
956 76 1072 24 4.15112 41043
956 92 1074 34 3.96987 41043
956 124 1200 70 3.97504 31121
60 204 300 188 4.12783 2854
60 212 302 192 4.12367 2532
60 236 326 230 4.2406 1544
60 252 710 344 4.17367 23411
60 324 342 282 4.06104 2913
60 332 342 290 4.09142 2913
60 340 334 294 4.01768 3445
60 108 250 94 4.32921 211
60 116 248 102 4.34385 211
964 60 1220 78 3.92977 35069
964 92 1212 14 3.85039 35069
964 100 1212 22 3.91901 35069
964 116 114 166 3.94813 30484
972 172 282 152 4.20473 41100
972 68 1228 36 3.98887 38397
972 84 1228 46 3.93524 38397
972 356 298 300 3.93511 35321
972 92 1090 26 3.85932 35908
244 132 426 118 4.68868 361
244 140 426 128 4.69358 361
244 148 426 138 4.67689 361
244 156 426 162 4.55126 53
244 164 426 170 4.67903 181
244 172 426 178 4.70236 45
244 44 432 12 4.58933 3344
244 188 424 190 4.62928 181
244 196 424 192 4.60716 181
244 204 426 206 4.59888 45
244 52 432 18 4.57282 3344
244 212 426 214 4.70184 181
244 236 1074 242 5.21642 1035
244 60 426 26 4.57227 5734
244 260 1072 248 5.28809 10328
244 68 430 38 4.60331 31
244 276 1074 266 5.28823 10328
244 284 1070 270 5.28823 10328
244 292 1084 272 5.21746 7768
244 300 1098 290 5.0887 2796
244 324 1074 322 4.72017 15072
244 84 426 56 4.64294 29
244 92 426 68 4.54777 31
244 100 446 84 4.6795 131
244 108 426 90 4.67893 88
244 116 424 98 4.70082 88
244 124 424 108 4.66388 361
980 244 296 160 4.11739 31145
980 84 1238 56 3.83396 47180
980 356 310 302 3.89569 35321
988 76 1098 36 3.97436 32754
988 84 1098 42 3.9684 32754
996 100 1102 48 3.92703 44790
1004 132 218 166 4.3052 26411
1004 140 218 174 4.22424 29772
1004 44 220 142 4.0931 28315
1004 332 314 262 4.12532 33926
1004 84 1116 46 4.26967 36172
1004 340 302 274 4.12718 42174
1004 348 250 296 3.95943 42265
1004 100 1114 54 4.28423 36172
1004 108 1114 62 4.27905 36172
1004 28 114 94 4.14235 29055
1004 124 218 158 4.2838 26411
252 132 450 120 4.77478 397
252 140 450 130 4.72264 397
252 148 446 140 4.80271 397
252 156 446 148 4.70777 186
252 164 448 166 4.69496 135
252 172 448 168 4.93307 42
252 180 448 176 4.91417 42
252 196 448 198 4.70756 42
252 204 448 202 4.76402 105
252 52 440 20 4.55315 3344
252 212 450 214 4.77607 135
252 68 436 42 4.57042 31
252 276 1078 262 5.28823 10328
252 284 1082 270 5.28802 10328
252 308 1114 298 4.99098 4129
252 84 434 58 4.61386 29
252 92 438 90 4.60564 105
252 108 446 98 4.78618 134
252 124 448 110 4.83366 397
1012 164 314 154 4.01167 29803
1012 4 122 86 4.14581 26078
1012 76 1120 34 4.21953 36885
1012 324 318 254 4.13567 33926
1012 332 320 262 4.13753 33926
1012 92 1122 52 4.24337 36172
1012 28 122 118 4.14988 177509
1012 124 224 158 4.3084 26411
1020 44 230 140 4.17959 39694
1020 12 134 110 4.05706 35338
1020 20 132 116 4.17153 35338
1020 332 324 264 4.16316 33926
1020 356 286 304 3.8954 31232
1020 28 130 120 4.17986 35338
4 140 222 42 4.02731 361
4 164 20 138 3.95878 38294
4 172 18 150 3.97489 38294
4 180 224 174 4.40766 4987
4 12 186 0 4.35148 3607
4 252 222 250 4.24862 604
4 268 192 270 4.11631 3233
4 276 194 280 4.0872 3233
4 284 338 266 4.06399 1986
4 300 232 298 3.9802 4479
4 100 218 74 4.15172 3607
260 132 456 120 4.90067 187
260 140 456 130 4.96929 138
260 148 454 138 4.99762 138
260 156 456 148 4.98247 685
260 164 458 158 4.82062 543
260 172 456 168 4.98802 138
260 180 456 176 5.03642 543
260 188 456 184 5.03226 543
260 196 456 194 4.99115 138
260 204 456 204 4.97876 404
260 212 456 214 5.02023 404
260 220 1094 222 4.9397 926
260 228 1106 230 5.09499 10328
260 60 440 32 4.60383 361
260 76 446 46 4.55292 138
260 316 1136 302 4.73552 17675
260 84 450 54 4.54638 138
260 92 446 88 4.68752 105
260 108 454 98 4.6622 134
260 124 456 112 4.88366 607
268 140 466 130 4.97217 138
268 148 466 140 4.97857 138
268 156 464 148 4.95979 542
268 164 466 158 5.0219 640
268 172 466 168 5.01884 640
268 180 466 178 4.97992 543
268 188 466 186 5.00512 543
268 196 466 196 5.02339 138
268 204 466 204 4.96117 404
268 212 466 214 4.97276 404
268 236 1088 242 5.25834 10093
268 60 448 32 4.58687 361
268 244 1086 246 5.25936 9212
268 260 1086 262 5.26522 10093
268 68 448 42 4.60589 361
268 76 458 48 4.56356 138
268 20 482 18 4.44118 229
268 84 472 50 4.58304 30
268 92 454 70 4.60987 542
268 100 454 78 4.61838 135
268 108 456 88 4.71674 134
268 124 466 112 4.87572 607
68 132 88 102 4.08005 36089
68 188 276 184 4.27652 75
68 220 290 224 4.33172 75
68 300 354 304 4.16236 2576
68 308 352 264 4.19274 3046
68 316 350 270 4.14233 3046
68 324 350 280 4.1211 2913
68 332 346 288 4.05353 2913
68 340 286 356 4.0216 3727
276 132 474 120 4.85345 187
276 140 474 130 4.98777 138
276 36 700 52 4.44424 497
276 148 474 140 4.95086 138
276 156 474 148 4.99924 542
276 164 474 158 5.00939 640
276 172 474 166 4.99743 640
276 180 474 178 5.02446 543
276 188 474 186 5.04316 543
276 196 472 196 4.964 138
276 204 472 206 4.82887 685
276 212 474 214 4.79368 404
276 228 1118 232 5.18585 10328
276 236 1098 242 5.24583 10093
276 252 1104 246 5.26525 10093
276 4 458 6 4.45951 5
276 260 1104 254 5.26525 10093
276 76 468 54 4.66083 138
276 84 470 62 4.65544 138
276 92 460 68 4.61672 404
276 108 462 86 4.75636 134
276 116 462 96 4.78013 134
276 124 474 112 4.86959 607
284 132 482 122 4.83453 187
284 140 482 130 4.96039 138
284 36 490 0 4.41349 2503
284 148 484 140 4.97799 138
284 156 484 150 4.97782 404
284 164 482 158 4.96111 543
284 172 482 168 5.00528 138
284 180 482 176 5.04547 543
284 188 482 186 5.04473 543
284 196 482 194 4.97913 138
284 204 482 204 4.96133 105
284 212 482 214 4.94934 105
284 220 478 226 4.9684 135
284 228 1170 242 5.16689 1226
284 60 494 22 4.47378 397
284 76 474 56 4.67022 138
284 92 466 68 4.62784 404
284 108 474 94 4.67724 651
284 28 708 46 4.46229 497
284 116 472 98 4.75051 2171
284 124 480 112 4.84826 607
292 140 492 132 4.92695 214
292 148 492 140 4.89662 955
292 156 492 148 4.99127 542
292 164 492 158 4.98388 640
292 172 492 168 4.99772 542
292 180 492 176 5.01952 640
292 188 492 186 5.03173 640
292 196 492 196 4.90392 214
292 204 490 204 4.95141 105
292 212 490 214 4.97704 105
292 220 486 226 4.94199 135
292 228 1178 242 5.17614 1226
292 68 502 30 4.50057 121
292 84 494 46 4.61037 30
292 364 1142 320 4.63272 17582
292 92 490 62 4.68236 404
292 100 490 70 4.72393 404
292 108 488 96 4.74264 543
292 124 478 108 4.77606 651
300 132 488 116 4.75087 651
300 140 506 132 4.89606 42
300 148 502 138 4.95305 685
300 156 500 150 4.93657 404
300 164 500 158 4.98011 543
300 172 500 166 4.94981 543
300 180 500 170 4.80967 404
300 188 500 186 4.93345 404
300 12 470 10 4.47997 3302
300 196 500 196 4.94337 404
300 220 508 224 4.91301 640
300 292 1072 298 5.0884 10845
300 308 1114 312 4.93751 585
300 84 510 58 4.62582 321
300 92 496 60 4.66765 404
300 100 496 68 4.66207 404
300 108 498 96 4.75183 543
300 124 494 108 4.72728 831
76 196 284 192 4.19704 106
76 52 310 20 4.36766 100
76 268 78 262 4.12203 30891
76 300 360 304 4.10037 2576
76 308 450 268 4.19034 92
76 316 452 274 4.14958 92
76 324 354 282 4.09883 3046
76 332 290 350 4.05258 3727
76 340 292 356 4.00302 3727
76 116 258 102 4.27529 211
76 124 288 68 4.13773 85
308 148 510 138 4.92872 321
308 156 510 150 4.91344 321
308 164 510 158 4.89696 105
308 180 510 178 4.93719 543
308 188 510 186 4.98525 404
308 196 508 196 4.98164 404
308 204 510 204 4.9835 543
308 212 510 214 4.9733 404
308 220 514 224 4.96481 640
308 228 1186 242 5.14609 1226
308 60 518 22 4.25226 397
308 252 1092 254 5.22638 10093
308 4 480 0 4.52267 3302
308 260 1170 254 5.25217 9299
308 268 1172 258 5.25217 9299
308 276 1106 266 5.23759 406
308 292 1082 298 5.16049 10093
308 300 1150 296 4.93422 7428
308 308 1120 314 4.87619 585
308 324 1170 310 4.79686 16638
308 84 516 56 4.62668 321
308 100 506 86 4.67568 543
308 108 508 94 4.78999 543
308 116 510 102 4.80387 543
308 124 510 112 4.80822 543
316 132 508 122 4.76027 651
316 140 520 130 4.90531 138
316 148 518 138 4.87432 138
316 156 520 150 4.78545 685
316 164 514 158 4.88116 543
316 172 518 168 4.88381 543
316 180 518 176 4.94497 543
316 188 518 186 4.98121 404
316 196 516 196 4.9781 404
316 204 518 204 4.95242 543
316 212 516 214 4.90242 404
316 220 522 224 4.88803 543
316 228 1100 234 5.1113 15538
316 252 1100 254 5.24528 10093
316 260 1178 254 5.25217 9299
316 268 1178 258 5.25217 9299
316 276 1112 266 5.23749 406
316 76 514 54 4.49728 186
316 308 1122 306 4.8983 406
316 364 1180 312 4.7411 17582
316 108 502 86 4.77267 651
316 28 494 24 4.47176 27
316 124 518 112 4.819 543
20 188 234 182 4.48973 157
20 204 234 200 4.41396 157
20 212 236 208 4.43691 157
20 220 234 216 4.26428 3644
20 228 242 232 4.2594 3644
20 300 230 310 4.1432 933
20 316 238 322 4.123 933
20 324 242 326 4.0514 933
324 132 520 120 4.7807 831
324 148 526 138 4.67537 214
324 156 524 152 4.78795 542
324 172 526 168 4.85253 640
324 180 526 180 4.72136 640
324 188 526 188 4.93444 542
324 196 526 196 4.9632 542
324 212 522 216 4.85706 542
324 228 1108 234 5.13455 15538
324 68 522 48 4.37123 186
324 284 1192 270 5.22658 9299
324 308 1130 306 4.84224 585
324 92 528 74 4.54976 404
324 100 522 88 4.67752 640
324 108 528 94 4.68323 404
332 132 524 112 4.67499 397
332 140 536 132 4.68771 831
332 148 538 140 4.6686 831
332 156 530 150 4.64088 607
332 164 532 162 4.66461 849
332 172 530 170 4.73827 849
332 180 538 180 4.76213 1186
332 188 536 188 4.86751 909
332 196 536 196 4.84193 909
332 204 534 206 4.80015 849
332 212 542 216 4.85824 849
332 220 1186 236 4.97626 8630
332 60 538 38 4.60378 332
332 260 1190 254 5.25217 9299
332 268 1190 258 5.25217 9299
332 68 538 46 4.68462 121
332 292 1110 296 5.09008 10093
332 300 1178 294 4.98386 7428
332 76 536 54 4.64875 121
332 84 538 64 4.6646 955
332 92 538 74 4.7672 542
332 100 534 82 4.7131 542
332 124 526 106 4.72547 831
84 12 358 6 4.43396 1440
84 52 314 18 4.42031 100
84 220 270 222 4.33888 37
84 228 270 228 4.30698 37
84 292 238 278 4.03747 1601
84 308 462 266 4.09055 92
84 316 418 268 4.10815 528
340 132 534 114 4.73442 831
340 140 530 124 4.68897 397
340 148 544 142 4.81021 849
340 156 544 148 4.86496 167
340 164 544 154 4.82898 167
340 172 544 168 4.93621 167
340 180 544 178 4.86438 167
340 188 544 188 4.81986 131
340 196 550 196 4.73944 189
340 204 530 210 4.75573 88
340 52 550 28 4.25018 5734
340 212 530 218 4.82425 1050
340 60 548 38 4.65349 332
340 260 1198 254 5.22856 7622
340 68 544 44 4.69883 121
340 300 1168 290 4.98571 5280
340 76 546 54 4.60381 189
340 308 1088 330 4.81562 13216
340 84 546 66 4.80848 1186
340 340 1194 314 4.69316 6522
340 92 546 74 4.92529 909
340 100 546 84 4.88842 909
340 108 546 92 4.81021 849
340 116 546 102 4.82759 849
340 124 546 110 4.76874 849
348 132 554 120 4.90411 824
348 140 554 130 4.91477 824
348 148 554 140 4.94967 824
348 156 554 150 4.96306 824
348 164 554 158 4.95917 115
348 172 554 168 4.945 115
348 180 554 178 4.95061 115
348 188 554 186 4.90493 61
348 196 554 196 4.78525 189
348 204 550 208 4.77802 699
348 236 1120 242 5.24589 10093
348 60 554 38 4.71148 332
348 68 556 46 4.83739 121
348 76 556 54 4.81342 121
348 308 1098 330 4.77681 13216
348 332 1146 316 4.68434 11851
348 84 556 66 4.81807 1186
348 348 1214 316 4.69806 259
348 356 1214 326 4.72332 259
348 92 556 74 4.92177 909
348 100 556 84 4.95954 824
348 108 554 92 4.96676 824
348 116 554 102 4.9652 824
348 124 554 110 4.96052 824
356 132 564 122 4.95203 543
356 140 564 130 4.97215 543
356 148 564 140 4.98318 543
356 156 562 150 5.00337 543
356 164 562 158 4.95073 115
356 172 562 168 4.93375 115
356 188 562 182 4.83143 61
356 12 514 40 4.36825 0
356 196 564 196 4.77859 189
356 204 562 206 4.80857 699
356 212 546 218 4.78114 131
356 60 564 36 4.64175 332
356 68 564 44 4.83485 121
356 276 1168 272 5.14078 1097
356 284 1170 280 5.08442 11146
356 76 566 54 4.85816 121
356 84 566 70 4.85835 955
356 92 564 74 4.88848 105
356 100 564 82 4.98181 824
356 108 564 92 4.98262 824
356 116 564 102 4.9805 824
356 124 564 112 4.97157 824
364 132 572 120 4.97081 543
364 140 572 130 4.9259 543
364 36 914 234 4.25084 167164
364 148 572 140 5.01957 824
364 156 572 150 4.99193 824
364 164 572 158 4.83727 651
364 172 572 168 4.94491 115
364 180 572 178 4.95128 115
364 188 572 186 4.8768 61
364 196 572 196 4.76828 189
364 212 556 218 4.7988 131
364 4 518 32 4.28355 131
364 308 1186 306 4.82801 409
364 84 572 64 4.50755 1186
364 92 572 72 4.70354 909
364 100 572 82 4.96743 849
364 108 574 92 4.96247 849
364 116 572 102 4.95941 824
364 124 572 112 4.98013 824
92 180 296 176 4.28587 387
92 228 276 228 4.36696 37
92 300 332 282 4.08034 4366
92 308 470 268 4.08298 92
92 316 470 276 4.11611 92
92 324 594 330 3.92917 8563
372 132 582 122 4.95601 543
372 140 582 130 4.97556 651
372 148 582 140 5.00628 824
372 156 580 150 4.98479 824
372 164 582 158 4.96859 651
372 172 582 168 4.96938 685
372 180 582 176 4.9464 115
372 204 580 206 4.80949 909
372 212 578 216 4.8283 909
372 76 910 258 4.39453 170291
372 308 1182 298 4.88347 585
372 84 574 54 4.35407 1186
372 92 578 74 4.43773 105
372 100 582 84 4.94081 824
372 108 582 94 4.87994 824
372 116 582 102 4.94019 824
372 124 582 110 4.93928 824
380 132 590 120 4.97674 543
380 140 590 130 4.97517 651
380 148 590 140 4.99502 543
380 156 590 148 4.99118 543
380 164 590 158 4.97191 651
380 172 590 168 4.98116 685
380 180 590 178 4.94641 607
380 188 588 186 4.59779 187
380 196 588 200 4.78156 824
380 204 586 208 4.74116 824
380 212 584 218 4.84865 824
380 220 582 230 4.79535 824
380 60 920 248 4.41631 170291
380 276 1180 272 5.17475 585
380 84 582 54 4.75348 699
380 92 582 66 4.78154 699
380 100 592 84 4.64609 543
380 116 588 98 4.75493 2171
380 124 590 112 4.91174 607
388 132 598 122 4.8552 640
388 140 598 130 4.85089 640
388 148 598 140 4.87801 640
388 156 598 150 4.89027 640
388 164 598 158 4.73639 831
388 172 598 170 4.75814 126
388 180 596 176 4.69167 126
388 188 596 190 4.70602 189
388 196 596 200 4.85078 849
388 204 594 208 4.80631 849
388 212 594 220 4.82583 824
388 220 594 230 4.84607 824
388 60 920 260 4.22111 165553
388 268 1188 264 5.18442 585
388 68 592 34 4.56601 130
388 276 1188 272 5.18157 585
388 292 1198 284 4.94094 585
388 76 590 46 4.63313 298
388 308 1192 298 4.85796 406
388 324 1218 308 4.65329 11192
388 84 592 54 4.78925 699
388 92 594 66 4.74926 699
388 100 594 74 4.75382 864
388 116 594 96 4.75376 1208
396 132 604 118 4.85606 849
396 140 606 130 4.82789 849
396 36 592 30 4.32285 1286
396 148 606 140 4.92445 849
396 156 604 148 4.9255 849
396 164 602 156 4.60469 1208
396 172 610 170 4.80657 115
396 44 594 42 4.40591 1286
396 180 610 176 4.77422 115
396 188 604 190 4.70431 189
396 196 604 198 4.81526 849
396 204 604 210 4.85009 849
396 52 590 34 4.22719 5627
396 212 604 218 4.81468 849
396 252 1212 242 5.14661 585
396 268 1202 262 5.14606 406
396 68 604 36 4.52215 69
396 276 1224 266 5.14901 1097
396 284 1222 274 4.87406 16988
396 76 602 44 4.62693 298
396 316 1200 312 4.72533 12808
396 84 602 54 4.70116 1186
396 348 1216 318 4.7507 585
396 356 1216 324 4.70482 585
396 364 1230 328 4.67742 16426
396 92 602 64 4.71703 736
396 100 604 74 4.73574 864
396 108 604 86 4.76626 1208
396 116 606 96 4.74415 1208
396 124 604 108 4.786 1208
100 172 304 166 4.26417 45
100 180 304 174 4.29669 45
100 12 314 8 4.43571 544
100 220 282 218 4.4056 45
100 236 294 236 4.29107 544
100 4 314 0 4.45873 544
100 20 306 26 4.36532 46
100 324 468 328 3.99826 1483
100 28 306 34 4.39956 46
404 132 612 118 4.69266 824
404 140 614 128 4.76401 824
404 148 614 140 4.81864 824
404 156 614 148 4.83671 824
404 164 626 154 4.59211 886
404 172 620 168 4.83656 115
404 180 620 178 4.72997 115
404 196 610 198 4.79502 824
404 204 610 210 4.79474 824
404 212 610 220 4.76066 824
404 228 602 246 4.77289 886
404 60 616 26 4.58646 167
404 252 1222 244 5.16133 1097
404 260 1226 252 5.17635 1097
404 68 614 34 4.60612 167
404 284 1234 274 4.86264 16426
404 300 1186 288 4.82965 409
404 76 600 58 4.58709 229
404 308 1234 292 4.85401 1951
404 348 1226 318 4.7536 585
404 356 1224 326 4.7498 585
404 364 1240 330 4.69577 16426
404 92 612 64 4.7111 736
404 100 612 72 4.70951 736
404 108 614 80 4.59506 824
404 116 612 96 4.63235 1318
404 124 614 106 4.7352 1318
412 132 618 118 4.53584 864
412 140 618 126 4.58199 864
412 36 646 2 4.32232 3818
412 148 624 138 4.78119 1156
412 156 626 150 4.8059 1156
412 164 634 160 4.76908 1156
412 172 630 168 4.7772 1156
412 180 628 178 4.6915 803
412 188 632 186 4.7871 462
412 196 630 196 4.78036 462
412 204 618 210 4.75493 864
412 212 616 222 4.74937 864
412 220 612 238 4.7622 886
412 60 624 24 4.6022 115
412 252 1230 244 5.17409 585
412 260 1232 252 5.18626 585
412 268 1230 258 5.16885 585
412 68 624 34 4.60605 115
412 276 1234 266 5.1656 585
412 76 630 44 4.58963 115
412 308 1240 292 4.7452 1097
412 84 628 50 4.6114 115
412 348 1240 318 4.67781 1097
412 92 626 62 4.61282 1148
412 100 622 74 4.65022 864
412 108 618 86 4.6312 864
412 28 616 0 4.31362 5475
412 124 626 104 4.60348 864
420 132 630 122 4.65412 77
420 140 630 130 4.59557 77
420 148 632 140 4.79029 1156
420 156 634 148 4.78283 1156
420 164 642 160 4.79459 1156
420 172 642 168 4.81039 1156
420 180 642 178 4.74062 77
420 188 640 186 4.80085 462
420 196 640 196 4.76427 462
420 204 642 202 4.70012 1156
420 212 630 222 4.7295 1050
420 60 634 26 4.5888 115
420 252 1238 244 5.1787 585
420 260 1240 252 5.18605 585
420 268 1238 258 5.17186 585
420 68 634 32 4.63798 115
420 276 1240 266 5.17388 585
420 76 638 42 4.56103 115
420 84 674 70 4.56311 252
420 92 634 66 4.62593 1148
420 100 630 74 4.62174 1050
420 108 628 82 4.58638 1050
420 116 632 94 4.65837 261
420 124 634 104 4.4393 1050
428 132 642 118 4.7248 126
428 140 644 128 4.6165 89
428 148 642 138 4.629 89
428 156 644 150 4.61982 89
428 180 638 180 4.56522 473
428 188 782 182 4.67156 3524
428 196 782 190 4.6007 3524
428 204 782 200 4.56443 5351
428 212 782 208 4.55116 5351
428 236 786 234 4.6604 5351
428 60 646 24 4.59501 167
428 68 646 34 4.62469 55
428 76 644 42 4.67544 55
428 92 644 66 4.55914 126
428 100 646 76 4.63803 69
428 108 642 84 4.62625 69
428 116 642 92 4.6183 126
428 124 642 106 4.67961 126
108 36 316 48 4.38266 688
108 180 312 174 4.25639 45
108 212 310 210 4.27506 544
108 228 286 230 4.49074 45
108 236 302 236 4.29212 544
108 244 288 242 4.18323 37
108 292 318 274 4.0785 6691
108 316 316 318 4.01173 1452
108 92 328 58 4.25675 51
436 132 652 118 4.67465 126
436 140 652 126 4.58808 89
436 148 654 138 4.61663 89
436 156 652 148 4.68354 89
436 164 652 154 4.55427 386
436 172 652 166 4.45316 89
436 180 652 168 4.52633 386
436 196 790 190 4.71599 6533
436 212 790 206 4.72751 6533
436 220 790 216 4.7296 6533
436 60 658 34 4.49319 167
436 244 1198 236 4.87634 9212
436 68 654 34 4.61704 55
436 284 1226 282 4.74758 12907
436 76 654 44 4.64592 167
436 92 652 68 4.57493 126
436 100 652 74 4.66749 69
436 108 652 84 4.65004 69
436 116 652 96 4.58615 69
436 124 654 108 4.68216 126
444 132 664 116 4.71995 126
444 140 664 130 4.68163 126
444 36 682 12 4.34993 4009
444 148 664 136 4.69 126
444 156 670 152 4.47543 1251
444 164 662 166 4.37382 261
444 172 662 176 4.42886 261
444 180 664 190 4.39422 322
444 196 798 190 4.75632 5351
444 52 670 22 4.32459 2899
444 212 798 206 4.72129 5351
444 220 798 216 4.75489 5351
444 228 802 222 4.71926 3524
444 236 1206 230 4.68539 15278
444 60 664 36 4.47742 115
444 244 1226 238 4.94002 5280
444 268 1240 260 5.03918 4302
444 76 666 44 4.64698 167
444 84 662 52 4.73189 55
444 92 664 60 4.73787 55
444 100 664 72 4.69629 115
444 108 668 82 4.7088 115
444 124 664 106 4.71793 126
28 204 242 198 4.393 157
28 212 242 208 4.37859 157
28 228 254 228 4.23596 157
28 236 258 236 4.33597 157
28 244 256 244 4.31256 157
28 268 342 226 4.21023 706
28 300 238 310 4.03708 933
28 316 248 320 4.13212 933
28 20 210 16 4.32483 1802
28 332 346 326 4.07069 2274
28 100 244 66 4.15526 3926
452 132 674 116 4.73294 126
452 140 672 128 4.71198 126
452 156 678 152 4.39106 1251
452 164 678 162 4.42212 2096
452 172 684 170 4.35291 479
452 180 670 194 4.3778 322
452 196 804 190 4.75672 5351
452 204 804 200 4.68506 5351
452 212 806 208 4.7131 5351
452 228 810 222 4.73728 3524
452 236 1222 230 4.76513 7779
452 244 1234 238 4.95258 5280
452 252 1240 246 5.01956 4156
452 68 678 38 4.58351 55
452 300 1212 302 4.67995 2834
452 76 674 42 4.56093 126
452 84 672 50 4.69381 55
452 92 674 60 4.72212 55
452 100 672 72 4.65684 115
452 108 678 82 4.67668 115
452 116 676 90 4.69547 115
452 124 674 106 4.707 126
460 132 684 118 4.72914 115
460 140 684 130 4.59476 115
460 148 684 138 4.67365 115
460 156 682 146 4.46659 1738
460 188 812 182 4.54696 3524
460 196 812 190 4.75567 5351
460 204 812 200 4.75468 5351
460 220 814 214 4.72418 5351
460 236 1234 230 4.74842 7779
460 68 690 30 4.54491 55
460 76 688 38 4.57363 55
460 84 682 52 4.57246 60
460 364 1222 340 4.4678 2834
460 92 682 60 4.6219 60
460 100 686 72 4.62154 115
460 108 684 82 4.71354 115
460 116 684 92 4.72379 115
460 124 684 104 4.62678 60
116 140 350 118 4.12871 36
116 44 340 12 4.39424 2151
116 4 374 10 4.36368 446
116 292 386 282 4.05897 3416
116 300 362 284 4.04326 4366
116 332 322 320 3.98067 8816
116 340 432 336 3.95398 994
116 100 336 64 4.32038 51
116 116 334 70 4.38231 51
468 132 690 118 4.71088 115
468 140 694 130 4.58254 115
468 148 694 138 4.66416 115
468 156 694 146 4.38621 3588
468 44 726 18 4.45328 12307
468 188 820 182 4.60403 3524
468 196 820 190 4.76477 5351
468 204 820 200 4.74112 5351
468 212 820 208 4.72783 5351
468 220 820 216 4.71165 5351
468 68 682 44 4.51519 115
468 76 698 38 4.61592 55
468 84 690 56 4.55939 55
468 92 694 64 4.56909 115
468 100 698 76 4.60429 55
468 108 694 84 4.6526 115
468 116 694 92 4.70413 115
468 124 694 108 4.64819 115
476 132 704 114 4.63163 1579
476 148 706 138 4.60695 1579
476 156 704 148 4.60215 1225
476 164 706 170 4.41531 523
476 44 732 18 4.42097 12307
476 180 714 178 4.24871 523
476 188 830 182 4.53583 3524
476 196 826 190 4.7101 5351
476 204 828 200 4.64398 5351
476 212 828 208 4.66234 5018
476 220 826 216 4.67975 5018
476 228 1230 212 4.53026 13529
476 68 706 34 4.49606 203
476 76 712 42 4.43738 186
476 100 704 74 4.62956 186
476 108 706 84 4.58914 186
476 116 706 94 4.5844 186
476 124 706 104 4.67557 1579
484 132 716 114 4.61121 523
484 140 710 130 4.62811 1579
484 36 714 18 4.43344 8001
484 148 712 138 4.60679 1579
484 156 714 148 4.59449 1225
484 196 834 190 4.708 5351
484 204 838 200 4.67965 5351
484 220 1240 206 4.51025 11330
484 228 1238 210 4.49455 11330
484 60 718 30 4.45339 559
484 84 712 54 4.4795 1963
484 92 710 62 4.52735 1579
484 100 714 74 4.61032 186
484 108 714 84 4.63849 186
484 28 714 6 4.42331 5843
484 116 716 94 4.60371 186
484 124 716 104 4.67712 186
492 132 720 126 4.57284 4102
492 140 720 134 4.52354 4102
492 148 722 140 4.564 4102
492 156 722 150 4.5276 4102
492 180 726 182 4.35955 1375
492 204 844 198 4.45007 5864
492 212 846 208 4.50645 5864
492 220 846 216 4.43999 6533
492 228 848 224 4.30229 14829
492 20 720 0 4.46141 359
492 84 722 50 4.5226 186
492 92 726 64 4.49479 361
492 100 726 76 4.62095 3588
492 108 724 84 4.52139 3588
492 28 720 8 4.48342 359
492 116 724 96 4.59379 3588
492 124 726 104 4.65426 3588
124 164 334 144 4.13012 45
124 212 302 210 4.48034 608
124 220 302 222 4.50953 134
124 228 302 230 4.45072 134
124 244 976 218 4.04702 5299
124 300 396 294 3.99639 3122
124 308 524 302 4.00648 2044
124 316 312 332 4.03304 5217
124 20 334 14 4.37525 46
124 332 404 334 3.98134 1515
124 348 440 322 3.98794 364
124 28 334 24 4.42811 46
124 116 338 74 4.19418 27
500 140 730 130 4.57468 3588
500 148 730 142 4.61763 3588
500 156 730 150 4.62133 3588
500 164 726 162 4.34172 2472
500 180 730 174 4.37206 956
500 212 870 216 4.29751 15440
500 236 858 234 4.40304 6286
500 60 722 26 4.45657 813
500 316 356 278 4.04046 31615
500 20 728 0 4.4973 8001
500 84 734 52 4.49724 186
500 92 734 62 4.5242 186
500 28 728 8 4.50083 8001
500 116 734 94 4.58498 186
500 124 738 106 4.61565 186
508 132 738 122 4.5803 3588
508 140 738 130 4.62964 523
508 148 742 140 4.66917 3588
508 156 738 148 4.68575 3588
508 164 750 158 4.41734 523
508 172 742 166 4.35514 523
508 180 740 178 4.43122 956
508 196 882 200 4.47759 2862
508 204 880 208 4.48429 2862
508 212 878 214 4.25656 6412
508 76 746 56 4.55303 445
508 84 742 62 4.51892 445
508 100 742 82 4.55249 1303
508 108 742 90 4.50615 4009
508 28 738 6 4.45729 8001
508 124 750 106 4.54814 3588
1028 36 138 128 4.148 35338
1028 20 138 116 4.15057 34220
1028 332 302 264 4.17218 41396
1028 340 306 274 4.19514 41396
1028 28 142 122 4.15034 34220
1036 12 160 108 4.12711 31060
1036 20 160 116 4.17515 31060
1036 332 310 264 4.15487 41396
1036 28 150 122 4.19896 34220
1044 12 168 106 4.08717 31060
1052 44 206 116 4.28265 27097
1052 12 182 114 4.26854 31060
1052 52 202 122 4.25533 27097
1052 4 182 106 4.03815 33023
1052 28 158 130 4.17092 27556
1060 12 186 114 4.21996 31060
1060 52 210 126 4.27501 27097
1060 4 156 110 4.01507 34680
1068 60 184 150 4.32497 25539
1068 300 1226 368 3.91027 81623
1076 172 618 358 3.85705 203475
1084 156 232 224 4.14508 23788
1092 36 230 146 4.21545 47883
1092 60 234 146 4.29008 30840
1092 68 210 152 4.21315 25539
1100 132 236 174 4.36525 35416
1100 60 242 142 4.37628 25539
1100 116 234 158 4.31551 35416
1100 124 236 166 4.39053 35416
1108 132 246 174 4.40104 35416
1108 68 246 154 4.38326 25539
1108 76 246 146 4.42291 31462
1108 316 174 170 4.17328 27040
1108 124 246 166 4.41339 35416
1116 44 250 150 4.33913 31060
1116 52 250 154 4.34496 31060
1116 228 164 86 3.89113 47423
1116 60 250 166 4.40105 31060
1116 100 250 172 4.41918 31462
1124 132 262 178 4.29282 26528
1124 36 262 142 4.30211 33023
1124 4 82 150 4.04945 193361
1124 68 262 172 4.41682 31060
1124 20 166 136 4.16757 39642
1124 84 250 208 4.36907 167847
1124 92 262 164 4.39345 31462
1124 108 254 198 4.41981 30960
1132 44 92 198 4.30156 175856
1132 12 170 138 4.25127 38788
1132 4 166 126 4.24874 38788
1132 316 116 214 4.19234 21615
1132 108 262 202 4.49092 31060
1140 140 102 242 4.15383 49636
1140 172 190 110 4.06 34066
1140 52 170 160 4.30641 30766
1140 4 176 128 4.22809 38788
1140 316 178 168 4.28751 30069
1140 116 270 210 4.51148 31060
1148 132 106 234 4.37309 21116
1148 140 110 242 4.32069 21116
1148 36 300 134 4.28601 27715
1148 12 302 126 4.30228 31060
1148 60 178 158 4.32274 30766
1148 76 306 184 4.38858 31462
1148 332 128 194 4.34668 38374
1148 108 278 208 4.39082 36768
1156 132 116 234 4.38345 21116
1156 140 116 242 4.32635 21116
1156 12 308 126 4.30819 31060
1156 220 186 224 4.23734 110503
1156 68 114 190 4.26728 26760
1156 292 194 148 4.27049 22740
1156 76 314 184 4.36432 31462
1156 20 308 130 4.27384 31060
1156 84 310 192 4.36849 31462
1156 92 110 182 4.28412 29590
1156 100 288 196 4.33288 33023
1156 108 286 200 4.34616 31060
1156 28 200 142 4.28194 28084
1164 140 136 242 4.32812 29657
1164 220 202 224 4.29028 51125
1164 84 122 190 4.30263 21116
1164 100 118 204 4.18461 21615
1164 108 160 214 4.237 49620
1164 116 130 222 4.303 29657
1172 140 1058 166 4.32097 107722
1172 36 314 98 4.18578 26108
1172 12 216 128 4.25559 28084
1172 220 214 224 4.23289 51125
1172 228 182 54 4.04388 63090
1172 4 312 86 4.29579 35097
1172 20 218 118 4.25522 37404
1172 332 150 188 4.40241 33480
1172 84 128 190 4.34688 21116
1172 340 150 196 4.3296 33480
1172 28 216 122 4.26769 37404
1172 116 162 222 4.2396 56928
1172 124 166 226 4.28191 49620
1180 132 150 236 4.38927 29657
1180 140 1064 166 4.34146 107722
1180 148 1062 172 4.30352 107722
1180 4 296 86 4.26166 40869
1180 260 222 92 4.22459 38251
1180 76 322 186 4.26972 31462
1180 316 300 110 4.23934 38722
1180 332 158 190 4.40244 29815
1180 340 162 198 4.39387 29815
1180 356 166 200 4.38274 30325
1188 236 206 66 3.95949 63090
1188 260 224 98 4.20465 96246
1188 268 226 104 4.23308 96246
1188 276 226 112 4.21576 32755
1188 332 176 200 4.39122 30325
1196 132 158 236 4.39097 29657
1196 148 232 134 4.24599 38730
1196 188 210 220 4.33792 48865
1196 4 298 88 4.26154 44154
1196 276 232 112 4.2458 32755
1204 132 162 236 4.39763 26336
1204 140 170 242 4.3532 29657
1204 188 202 220 4.34338 53134
1204 324 186 160 4.43347 37150
1204 332 184 168 4.42542 37150
1212 236 230 64 3.97522 63090
1212 4 260 126 4.26494 54637
1212 276 306 86 4.25711 53435
1212 300 200 170 4.43352 33480
1212 308 192 168 4.45865 30325
1212 324 190 194 4.48223 30325
1212 332 194 202 4.46018 30325
1212 340 178 222 4.38383 28263
1220 132 178 236 4.37495 29657
1220 12 262 134 4.30011 36094
1220 252 246 86 4.0839 38093
1220 300 202 178 4.43277 26923
1220 324 198 192 4.45127 30325
1220 124 174 228 4.30425 29590
1228 36 268 140 4.28176 38788
1228 44 268 146 4.28019 38788
1228 12 186 126 4.28251 21615
1228 60 266 126 4.2771 38072
1228 20 186 130 4.30656 21615
1228 324 204 194 4.47621 30325
1236 36 290 158 4.30286 36094
1236 148 338 180 4.10825 28442
1236 156 198 118 4.26012 33775
1236 12 278 142 4.29683 43824
1236 52 278 162 4.28355 38788
1236 60 278 178 4.29549 36094
1236 4 208 140 4.19183 193361
1236 260 212 88 4.09897 50822
1236 300 200 162 4.30352 46811
1236 20 192 132 4.31753 21615
1236 324 214 194 4.47759 30325
