516 132 602 114 5.71474 137
516 140 602 122 5.74663 1405
516 148 602 130 5.75532 1405
516 156 602 138 5.74477 1405
516 164 602 148 5.73192 1405
516 172 602 156 5.72421 1405
516 180 600 164 5.74379 1405
516 188 600 172 5.74342 1405
516 196 600 182 5.73639 1405
516 204 600 190 5.70088 33
516 52 596 14 5.17789 2166
516 212 600 198 5.55829 974
516 220 600 208 5.44595 106
516 228 596 222 5.32291 4045
516 236 598 230 5.27551 4045
516 60 598 26 5.30446 139
516 244 598 242 5.37994 122
516 252 598 252 5.36542 122
516 260 594 262 5.34112 684
516 268 594 272 5.30438 684
516 68 598 34 5.44773 137
516 276 598 282 5.25691 71
516 284 598 288 5.29158 71
516 292 602 320 5.32775 248
516 300 598 328 5.32222 248
516 76 598 42 5.51088 1131
516 308 592 336 5.16287 248
516 316 592 346 5.10069 248
516 332 598 354 4.97527 1104
516 84 598 50 5.48423 1131
516 92 598 62 5.46481 30
516 108 602 88 5.51608 885
516 116 602 96 5.55437 2679
516 124 602 106 5.67476 452
524 132 610 114 5.74859 137
524 140 610 122 5.75787 139
524 148 610 130 5.76059 139
524 156 610 138 5.76086 137
524 164 610 146 5.74797 1405
524 172 610 154 5.73866 139
524 44 606 2 5.34578 1616
524 180 610 164 5.75572 137
524 188 610 172 5.75539 137
524 196 610 180 5.73364 1405
524 204 610 190 5.70809 33
524 52 606 12 5.34062 1616
524 212 608 194 5.47673 974
524 220 610 208 5.33508 803
524 228 606 222 5.30853 4224
524 236 606 230 5.2095 120
524 60 608 24 5.309 139
524 244 608 242 5.35994 122
524 252 608 252 5.36056 122
524 260 610 266 5.24676 17
524 268 608 274 5.3057 17
524 68 608 34 5.42256 18
524 284 606 288 5.23059 71
524 292 610 320 5.33717 248
524 300 606 328 5.33515 248
524 76 606 40 5.4537 1131
524 316 602 342 5.17542 80
524 84 608 50 5.4872 1131
524 92 606 62 5.56765 751
524 100 608 72 5.57232 751
524 108 608 82 5.59305 751
524 28 614 2 5.03804 2831
524 116 608 90 5.58016 751
524 124 610 106 5.7285 139
132 132 204 118 5.29048 432
132 140 206 126 5.2912 432
132 156 214 142 5.34685 432
132 164 216 150 5.41187 336
132 172 218 158 5.38318 1500
132 180 216 168 5.39105 1500
132 188 216 176 5.32732 292
132 196 218 184 5.35996 292
132 204 216 192 5.50489 292
132 52 176 26 5.00955 4042
132 212 216 200 5.5179 292
132 220 218 208 5.4562 432
132 236 206 226 5.50849 432
132 60 178 34 5.04377 4042
132 252 146 252 5.14712 227
132 268 116 278 5.13222 1655
132 68 178 42 4.99849 1233
132 276 116 288 5.13131 651
132 284 114 298 5.26212 227
132 292 126 312 5.26699 70
132 300 126 320 5.27331 70
132 76 180 54 4.99367 1233
132 316 130 340 5.25782 70
132 324 102 358 5.14109 227
132 332 96 362 5.167 10
132 84 180 62 5.01481 1233
132 348 98 372 5.15171 10
132 108 204 94 5.13195 2402
132 28 108 74 4.85779 463
132 116 204 100 5.24312 3627
132 124 206 110 5.32705 432
532 132 618 112 5.73316 137
532 140 618 122 5.75776 139
532 148 618 130 5.76036 139
532 156 618 138 5.75015 137
532 164 618 146 5.73553 885
532 172 618 156 5.74045 1405
532 44 616 4 5.31962 1616
532 180 618 164 5.75788 1405
532 188 618 172 5.75081 1405
532 196 618 180 5.73208 1405
532 204 618 190 5.71383 33
532 52 616 12 5.34692 1616
532 212 616 200 5.41638 1360
532 220 616 208 5.47958 803
532 236 616 222 5.32414 4176
532 60 618 22 5.3668 139
532 244 618 242 5.35744 17
532 252 616 252 5.33635 17
532 260 618 264 5.33719 122
532 268 618 274 5.33719 122
532 68 616 34 5.37006 137
532 276 610 286 5.28318 71
532 284 614 298 5.28599 71
532 76 616 44 5.39339 1131
532 316 610 346 5.17744 80
532 84 616 52 5.4743 137
532 92 616 62 5.50986 751
532 100 616 70 5.55293 751
532 108 616 80 5.53713 751
532 116 618 90 5.59227 2679
532 124 618 104 5.70054 139
540 132 626 112 5.71923 18
540 140 626 122 5.73527 584
540 36 630 0 5.13123 458
540 148 626 130 5.73907 584
540 156 626 138 5.72267 18
540 164 628 146 5.70673 452
540 172 626 156 5.74095 1405
540 44 626 14 5.12058 1616
540 180 626 164 5.74579 1405
540 188 626 172 5.74667 1405
540 196 626 180 5.74191 1405
540 204 628 190 5.6211 289
540 212 628 198 5.56904 751
540 220 624 208 5.47305 803
540 228 628 216 5.40972 3062
540 236 626 224 5.32173 4176
540 60 626 22 5.36238 139
540 244 628 244 5.30357 122
540 252 628 252 5.35483 122
540 260 628 262 5.34438 122
540 268 628 274 5.33197 122
540 68 626 34 5.29788 139
540 276 622 286 5.26751 71
540 284 620 298 5.29665 71
540 292 626 320 5.14801 248
540 300 626 328 5.18335 248
540 76 626 44 5.45454 1131
540 308 618 338 5.0913 248
540 316 618 344 5.13628 248
540 84 626 52 5.46352 1131
540 92 626 60 5.4861 139
540 100 626 72 5.51554 137
540 108 626 82 5.52493 139
540 116 626 90 5.60429 2679
540 124 626 102 5.59249 30
548 132 632 112 5.5653 463
548 140 636 122 5.66397 885
548 36 634 0 5.24513 2702
548 148 636 130 5.68769 885
548 156 636 138 5.7106 139
548 164 636 146 5.68237 359
548 172 636 154 5.77417 1405
548 44 634 10 5.21842 2702
548 180 636 164 5.7672 1405
548 188 636 172 5.76514 1405
548 196 636 182 5.75239 1405
548 204 636 190 5.68435 289
548 212 636 198 5.50348 751
548 220 636 210 5.49518 314
548 228 636 218 5.37685 3062
548 236 636 234 5.34696 291
548 60 636 26 5.38176 30
548 244 636 242 5.34413 291
548 252 636 252 5.2959 929
548 260 638 264 5.23494 929
548 268 634 274 5.2178 929
548 276 634 288 5.14126 664
548 300 638 330 5.07448 1001
548 76 636 44 5.25528 139
548 84 634 50 5.36224 2141
548 92 634 62 5.50515 30
548 100 636 70 5.57864 30
548 108 636 78 5.58861 30
548 116 636 88 5.58042 30
548 124 634 100 5.45811 1391
556 132 644 108 5.53887 137
556 148 644 128 5.66561 359
556 156 644 138 5.67627 452
556 164 644 146 5.66691 359
556 172 644 154 5.76714 1405
556 44 642 0 5.33704 3985
556 180 644 164 5.7671 1405
556 188 644 172 5.76397 1405
556 196 644 180 5.74239 1405
556 204 644 188 5.68391 289
556 52 644 14 5.43142 3769
556 212 644 202 5.43263 96
556 220 644 210 5.46107 1463
556 228 644 220 5.29356 3861
556 236 646 230 5.25084 291
556 60 644 24 5.55211 139
556 244 646 242 5.30576 291
556 252 648 252 5.2642 171
556 260 648 262 5.16339 2571
556 268 646 276 5.21558 690
556 68 644 32 5.5381 139
556 284 642 294 5.16746 690
556 76 644 40 5.43198 137
556 84 642 52 5.39685 2141
556 92 642 62 5.54148 751
556 100 644 70 5.61842 314
556 108 646 78 5.62527 751
556 116 644 88 5.63483 751
556 124 644 100 5.48206 139
140 132 210 118 5.30421 432
140 140 214 126 5.26315 432
140 156 222 142 5.29948 432
140 172 226 158 5.42812 10
140 180 222 166 5.34743 10
140 188 224 176 5.41646 292
140 196 226 184 5.3878 292
140 204 224 192 5.46534 292
140 52 190 28 4.98735 3825
140 212 224 200 5.4957 292
140 220 224 208 5.52541 432
140 228 222 216 5.5257 432
140 236 214 226 5.50891 432
140 268 126 278 5.11382 70
140 68 190 44 4.98783 3825
140 276 128 288 5.12679 790
140 76 190 52 4.98532 3825
140 332 124 346 5.1478 10
140 340 146 352 5.11743 173
140 108 214 92 5.07396 1683
140 28 186 0 4.84227 254
140 116 214 98 5.20361 5087
140 124 214 108 5.29526 432
564 132 650 108 5.5837 137
564 140 650 116 5.63262 885
564 148 654 124 5.65163 885
564 156 652 138 5.66994 139
564 164 652 148 5.67411 139
564 44 654 6 5.40526 1316
564 180 650 164 5.65663 885
564 188 654 174 5.62919 885
564 196 654 182 5.66144 885
564 204 654 190 5.60756 33
564 220 656 210 5.52215 1463
564 228 654 220 5.43717 3861
564 236 654 226 5.33203 4385
564 60 654 22 5.54579 139
564 244 656 242 5.33492 291
564 252 656 252 5.27315 1531
564 260 658 262 5.18014 2571
564 268 658 276 5.15976 1341
564 68 652 32 5.5438 139
564 276 652 286 5.05411 1341
564 284 652 292 5.11251 1341
564 292 646 320 5.13856 1001
564 300 650 330 5.1394 1001
564 76 654 42 5.46209 137
564 308 652 342 5.0381 1808
564 84 654 50 5.50368 2034
564 92 658 60 5.57011 452
564 100 654 70 5.61591 314
564 108 654 78 5.62631 751
564 116 652 88 5.63557 751
572 132 664 106 5.62369 1391
572 140 664 116 5.65137 584
572 36 662 0 5.38022 2702
572 148 664 126 5.64254 584
572 156 664 134 5.64547 30
572 172 664 152 5.64065 584
572 44 662 8 5.42911 1316
572 180 664 162 5.63393 584
572 188 664 172 5.62522 584
572 196 664 180 5.61596 584
572 204 664 190 5.47375 2615
572 212 662 200 5.55384 1360
572 220 664 210 5.53211 1463
572 228 666 222 5.43413 3861
572 236 666 230 5.38005 4385
572 60 662 22 5.44792 30
572 244 664 242 5.30818 291
572 252 666 252 5.28815 1531
572 260 670 262 5.18942 1403
572 268 668 270 5.09156 1201
572 68 660 32 5.34356 30
572 276 670 288 4.98948 459
572 292 654 320 5.15479 1001
572 300 658 330 5.14883 1001
572 76 666 32 5.26034 3769
572 308 658 340 4.99497 1808
572 84 662 50 5.4786 2034
572 92 666 60 5.58858 751
572 100 662 70 5.61365 314
572 108 664 78 5.61196 452
572 116 664 88 5.62283 452
572 124 664 98 5.6195 1391
36 140 118 134 4.5327 2064
36 44 28 46 4.70223 2755
36 180 62 172 4.40725 3243
36 52 28 54 4.64625 2755
36 212 118 200 4.77757 8704
36 244 34 248 4.72975 1337
36 252 30 254 4.75498 1337
36 260 30 262 4.63304 8211
36 268 66 266 4.65107 3092
36 276 18 282 4.64248 8211
36 84 88 96 4.6779 5588
36 340 54 366 4.77178 4165
36 348 54 372 4.72262 4165
36 28 26 28 4.69229 2755
580 132 672 108 5.6299 1391
580 140 672 116 5.59292 979
580 148 672 126 5.60033 1391
580 156 672 136 5.59274 1391
580 164 672 144 5.60661 1391
580 172 672 154 5.59138 1391
580 180 672 160 5.5791 1391
580 188 672 174 5.47116 979
580 204 672 190 5.48442 751
580 52 674 6 5.21377 3769
580 212 672 200 5.47686 314
580 220 672 210 5.49621 314
580 228 674 218 5.40222 3062
580 236 674 230 5.30532 4180
580 60 672 14 5.26196 3769
580 252 678 254 5.12966 1403
580 260 678 262 5.19016 1403
580 268 674 270 4.98324 684
580 68 674 22 5.26479 1391
580 76 670 42 5.36108 1405
580 84 672 50 5.46726 2034
580 356 656 352 4.66605 2956
580 100 674 68 5.62719 452
580 108 672 78 5.63029 452
580 116 672 86 5.60039 452
580 124 672 98 5.64051 1391
588 132 682 106 5.5786 1405
588 140 682 116 5.45144 633
588 148 678 130 5.38807 633
588 156 682 136 5.39141 633
588 164 682 146 5.33576 2230
588 172 680 154 5.34322 4423
588 196 680 178 5.31044 123
588 204 682 188 5.31265 123
588 52 682 2 5.12154 2166
588 212 684 200 5.45956 123
588 220 684 208 5.37788 123
588 228 682 218 5.36519 2894
588 236 682 230 5.24841 4385
588 60 680 14 5.26434 452
588 244 672 240 5.15749 892
588 260 686 262 5.14287 1552
588 268 682 266 4.94941 1199
588 68 684 22 5.22472 413
588 276 662 284 4.88824 905
588 76 680 40 5.43929 1405
588 316 636 336 4.92061 233
588 84 680 50 5.46009 2034
588 348 666 342 4.84003 123
588 92 678 60 5.62165 452
588 100 680 68 5.61945 452
588 108 680 78 5.62636 452
588 116 682 86 5.62945 452
588 124 682 98 5.52669 1405
148 132 220 114 5.29724 432
148 140 226 126 5.31234 432
148 148 222 134 5.32873 432
148 156 230 142 5.29021 292
148 164 230 150 5.45053 10
148 172 232 160 5.39623 10
148 180 230 166 5.3386 10
148 188 232 174 5.4331 292
148 196 232 182 5.40336 292
148 204 232 192 5.48086 292
148 52 194 26 4.96351 3825
148 212 232 200 5.48859 292
148 228 230 216 5.52435 292
148 252 170 242 5.26121 124
148 4 208 6 4.85627 329
148 260 142 256 5.13675 2778
148 268 154 278 5.05363 124
148 276 136 288 5.1604 553
148 300 134 322 5.29822 70
148 308 134 334 5.22529 70
148 316 136 340 5.24526 70
148 332 130 350 5.15388 70
148 84 180 70 4.96254 235
148 348 128 362 5.14297 70
148 92 202 72 4.98498 1569
148 100 202 80 4.9947 1569
148 28 194 0 4.92828 254
148 124 222 110 5.31569 432
596 132 692 106 5.61775 1405
596 140 694 114 5.44158 2679
596 148 694 126 5.37481 452
596 164 692 144 5.29275 452
596 172 690 158 5.26111 2679
596 188 692 164 5.31515 359
596 196 690 178 5.17414 45
596 52 688 4 4.9675 2166
596 220 690 208 5.2555 45
596 228 690 218 5.08477 2857
596 236 680 234 5.17427 525
596 60 698 18 5.14013 452
596 244 680 242 5.0526 525
596 252 690 256 5.00136 1614
596 68 690 32 5.21588 413
596 76 696 30 5.39854 1131
596 316 662 310 4.87774 376
596 84 696 42 5.38109 1131
596 92 686 60 5.52993 139
596 100 692 68 5.5516 45
596 108 692 78 5.58791 885
596 116 694 86 5.61308 885
596 124 690 98 5.56731 1405
604 132 702 106 5.61862 1405
604 140 702 114 5.50521 2679
604 148 702 126 5.48302 139
604 156 702 138 5.46101 137
604 164 702 146 5.37118 139
604 172 702 152 5.35398 139
604 188 704 164 5.41161 137
604 196 706 170 5.27111 885
604 204 694 190 5.05283 383
604 52 706 4 4.93576 2166
604 60 710 14 5.22908 139
604 260 690 264 4.89586 968
604 268 694 274 4.96143 272
604 68 708 20 5.36192 139
604 76 706 32 5.41502 1131
604 316 646 344 4.84177 233
604 84 706 40 5.43487 1131
604 92 698 60 5.44345 624
604 100 702 66 5.52094 413
604 108 700 78 5.57411 1405
604 116 702 86 5.61513 1405
604 124 702 96 5.58681 1405
612 132 710 106 5.58733 1405
612 140 710 114 5.42615 139
612 148 710 126 5.45843 139
612 156 710 138 5.41496 137
612 172 712 142 5.32035 359
612 188 712 166 5.46694 359
612 196 712 170 5.28194 885
612 52 716 0 5.1775 2679
612 220 718 180 4.8425 305
612 228 692 234 4.6753 331
612 60 716 10 5.37627 452
612 268 680 286 4.70162 708
612 68 718 20 5.38603 452
612 284 742 312 4.68394 111
612 300 718 330 4.83345 212
612 76 714 32 5.34478 885
612 308 744 348 4.84188 376
612 316 730 362 4.86805 383
612 84 716 40 5.35832 885
612 340 742 372 4.79796 157
612 92 714 58 5.34823 1130
612 100 712 66 5.51694 359
612 108 712 76 5.58997 1405
612 116 710 86 5.58574 1405
612 124 710 96 5.60136 1405
620 132 722 104 5.57013 1405
620 140 724 114 5.49482 139
620 148 722 122 5.48368 139
620 156 722 138 5.48684 137
620 164 724 144 5.42766 139
620 172 726 154 5.47848 139
620 180 722 162 5.50222 139
620 188 720 170 5.43696 359
620 204 724 178 5.08232 33
620 52 724 0 5.05116 2679
620 60 726 10 5.36629 452
620 252 750 260 4.66974 272
620 68 726 18 5.34357 452
620 284 750 310 4.52673 532
620 292 728 322 4.82389 212
620 300 726 330 4.8473 212
620 76 726 30 5.33223 885
620 308 746 354 4.88561 758
620 316 738 362 4.87567 383
620 84 728 40 5.3162 885
620 348 718 366 4.67489 3504
620 92 726 54 5.26992 1405
620 100 722 68 5.45055 359
620 108 722 76 5.5916 1405
620 116 722 84 5.60709 1405
620 124 720 96 5.56531 1405
156 132 228 116 5.33618 292
156 148 230 134 5.3267 432
156 156 236 142 5.17023 432
156 164 240 152 5.46709 10
156 172 238 158 5.4582 10
156 188 240 174 5.40959 432
156 196 240 184 5.41622 432
156 52 204 24 5.00748 3825
156 212 240 200 5.4727 432
156 220 238 208 5.45399 432
156 228 236 216 5.48721 432
156 60 198 50 5.03615 4042
156 260 162 264 5.22972 496
156 268 162 274 5.18348 10
156 68 204 44 4.99784 3825
156 276 148 288 5.17985 790
156 284 138 300 5.22543 227
156 292 142 310 5.29589 10
156 300 140 320 5.32824 10
156 308 146 332 5.20316 70
156 316 146 340 5.20787 70
156 84 204 60 5.0122 1415
156 340 134 358 5.12295 70
156 92 206 70 5.03152 1569
156 100 208 78 4.95394 1569
156 116 228 102 5.06384 3627
156 124 228 108 5.3603 292
628 132 732 100 5.4361 885
628 140 732 114 5.47321 139
628 148 732 126 5.46881 139
628 156 732 136 5.46354 137
628 164 732 144 5.47157 139
628 172 732 152 5.44453 139
628 180 732 162 5.50619 139
628 188 732 170 5.46786 137
628 196 732 178 5.30769 885
628 68 736 22 5.09787 137
628 276 770 290 4.73913 164
628 76 736 30 5.38594 885
628 308 754 354 4.89452 289
628 324 750 366 4.84679 289
628 84 738 40 5.36674 885
628 340 762 370 4.82565 342
628 92 738 48 5.19205 33
628 100 730 66 5.37811 137
628 108 732 76 5.50904 885
628 116 730 82 5.49557 885
628 124 732 94 5.45533 885
636 132 746 100 5.25799 139
636 140 746 114 5.26107 139
636 148 746 120 5.32962 139
636 156 746 128 5.25824 137
636 164 742 146 5.256 624
636 180 740 162 5.31919 413
636 188 742 170 5.28567 413
636 196 742 182 5.21473 1131
636 204 754 188 5.00499 33
636 52 748 2 5.10265 2166
636 212 754 194 4.97743 96
636 220 754 214 4.98225 2586
636 60 746 14 5.23354 139
636 260 766 268 5.07633 118
636 68 746 20 5.19922 139
636 76 746 28 5.27075 139
636 316 792 362 4.98056 33
636 324 758 366 4.89553 289
636 84 748 40 5.3157 137
636 340 782 370 4.96004 96
636 92 748 48 5.34486 137
636 100 746 56 5.18871 885
636 108 742 74 5.10319 584
636 116 742 86 5.17984 584
636 124 748 94 5.24144 139
644 132 758 100 5.54979 30
644 140 758 112 5.61963 30
644 36 764 2 4.52611 794
644 148 758 120 5.56311 30
644 156 758 132 5.46373 30
644 164 758 142 5.51838 30
644 172 758 154 5.60583 30
644 180 758 160 5.58335 30
644 188 758 170 5.5579 584
644 196 758 180 5.53211 584
644 204 760 192 5.46269 23
644 52 758 6 5.29301 1994
644 212 760 202 5.44597 1184
644 220 760 212 5.14395 1818
644 236 776 240 5.06454 0
644 60 760 14 5.36825 30
644 244 774 250 5.17831 0
644 252 774 256 5.05004 101
644 268 774 278 5.16762 101
644 68 760 18 5.40159 30
644 276 776 290 5.0552 60
644 284 782 302 4.95247 60
644 292 786 312 5.00357 60
644 300 782 338 4.88887 149
644 76 758 28 5.4621 30
644 308 782 350 5.02969 23
644 316 784 362 5.0133 23
644 332 774 366 4.94386 23
644 84 758 38 5.51164 30
644 92 758 48 5.43334 30
644 100 758 58 5.41554 30
644 108 760 68 5.38612 30
644 116 760 78 5.42699 1994
644 124 758 90 5.42168 30
652 132 768 98 5.56445 30
652 140 768 112 5.60768 30
652 148 768 120 5.59333 30
652 156 770 130 5.50257 159
652 164 770 140 5.47343 159
652 172 770 150 5.53635 30
652 180 770 162 5.57106 30
652 188 770 172 5.50503 584
652 196 770 182 5.54052 584
652 204 770 192 5.42914 23
652 52 768 2 5.26793 1994
652 212 770 200 5.45677 1184
652 220 772 212 5.14266 2037
652 228 782 228 5.02417 0
652 236 784 240 5.18668 0
652 60 768 10 5.44375 30
652 244 784 250 5.22781 144
652 252 784 258 5.14458 144
652 260 782 264 5.15693 1034
652 268 782 276 5.11695 101
652 68 768 16 5.44464 159
652 276 784 290 5.07636 60
652 292 784 320 5.01065 90
652 300 786 330 4.92734 90
652 76 770 26 5.50862 30
652 308 792 350 5.04285 23
652 332 782 366 4.98607 23
652 84 770 34 5.52134 30
652 92 768 46 5.4918 30
652 100 770 58 5.48706 159
652 108 770 66 5.31665 159
652 116 768 80 5.40684 1812
652 124 768 90 5.54446 30
164 132 236 116 5.35119 292
164 140 238 126 5.29031 292
164 148 246 134 5.34475 448
164 156 246 142 5.34571 238
164 164 246 150 5.46351 10
164 196 248 184 5.40384 238
164 204 248 192 5.44253 292
164 212 248 200 5.39962 292
164 228 190 220 5.49056 70
164 236 234 226 5.50212 432
164 60 202 50 5.04611 4042
164 252 230 240 5.52229 2078
164 260 170 266 5.42462 187
164 268 170 274 5.2125 187
164 276 168 280 5.18894 187
164 284 150 300 5.20591 227
164 292 150 310 5.30469 10
164 300 150 320 5.3243 10
164 316 150 346 5.20983 10
164 92 214 68 4.98692 4042
164 100 216 78 4.90144 3792
164 108 250 94 5.01357 4119
164 28 204 2 4.86011 235
164 116 246 102 5.21382 3817
164 124 236 108 5.30985 292
660 132 780 100 5.63467 30
660 140 780 110 5.67431 30
660 148 780 120 5.68363 30
660 156 780 130 5.67277 142
660 164 780 140 5.65142 142
660 172 780 150 5.62398 142
660 180 780 162 5.60847 142
660 188 778 170 5.43234 177
660 196 780 182 5.41062 584
660 204 780 192 5.47209 1184
660 52 778 2 5.13332 1812
660 212 782 202 5.42099 1184
660 220 782 214 5.2163 1818
660 60 780 8 5.47146 30
660 244 792 252 5.16223 144
660 252 792 260 5.16175 144
660 260 790 266 5.11469 1034
660 68 780 16 5.47697 30
660 276 794 294 5.04001 60
660 284 798 306 5.04649 127
660 300 790 336 4.95007 149
660 76 778 26 5.41024 159
660 308 802 352 5.03088 23
660 332 796 368 5.00052 23
660 84 780 38 5.4649 159
660 340 804 372 4.97951 96
660 92 780 48 5.46783 159
660 100 780 58 5.45685 159
660 108 780 70 5.4769 1081
660 116 778 78 5.45045 1763
660 124 780 90 5.61684 30
668 132 788 102 5.65971 30
668 140 788 112 5.69154 30
668 156 788 130 5.66791 142
668 164 788 142 5.66893 142
668 172 788 152 5.66579 168
668 180 788 160 5.62549 168
668 188 786 170 5.57349 138
668 196 790 182 5.3481 1094
668 204 790 190 5.45249 1184
668 212 790 202 5.46887 1184
668 220 792 214 5.34138 1818
668 228 792 224 5.28813 4360
668 236 794 234 5.26766 4527
668 60 790 6 5.43409 30
668 244 794 242 5.20273 49
668 260 794 266 5.13448 513
668 68 790 18 5.4469 30
668 276 806 294 5.0798 127
668 300 810 334 4.94597 33
668 76 790 26 5.4459 30
668 332 806 366 4.98784 23
668 84 790 36 5.30071 30
668 108 786 72 5.46812 1094
668 116 786 80 5.46325 1094
668 124 788 92 5.63143 30
676 132 794 102 5.61031 168
676 140 794 118 5.59908 168
676 36 810 0 4.82041 458
676 148 794 122 5.61036 168
676 156 794 130 5.58986 168
676 164 794 142 5.62443 168
676 172 794 152 5.67115 30
676 180 794 162 5.6251 30
676 188 794 172 5.6093 18
676 196 794 182 5.47881 584
676 204 796 192 5.30005 23
676 52 800 10 5.01896 1812
676 212 796 202 5.31495 1184
676 236 800 230 5.23978 4527
676 60 798 6 5.31361 159
676 244 802 244 5.18888 7
676 252 802 256 5.15272 513
676 260 806 266 5.18697 513
676 268 814 272 5.10702 272
676 68 802 18 5.31173 159
676 276 802 296 5.06818 90
676 292 832 312 5.22885 60
676 76 800 26 5.29628 88
676 316 808 350 5.01936 96
676 324 794 354 5.0104 23
676 84 790 44 5.51871 23
676 92 790 54 5.62328 372
676 100 792 62 5.56737 372
676 108 792 74 5.58281 372
676 116 792 82 5.51575 372
676 124 794 94 5.61135 168
684 132 804 102 5.59778 168
684 140 804 112 5.58664 168
684 148 804 122 5.59013 168
684 156 804 134 5.6189 168
684 164 804 138 5.65274 168
684 172 804 152 5.62563 168
684 180 802 162 5.68045 168
684 188 804 170 5.59092 18
684 196 804 182 5.50072 584
684 204 804 190 5.41508 1671
684 52 804 6 5.07316 1763
684 212 804 200 5.38832 1671
684 220 806 214 5.26914 4360
684 228 806 222 5.36633 4527
684 236 806 232 5.31457 4527
684 244 810 244 5.14349 7
684 252 812 252 5.16209 7
684 260 818 266 5.17757 144
684 268 822 274 5.14031 144
684 68 812 16 5.23384 159
684 276 826 290 5.07857 127
684 284 838 306 5.20595 60
684 300 822 334 5.10151 90
684 76 818 30 5.28939 934
684 308 830 352 4.95667 90
684 316 800 344 4.98969 149
684 84 800 44 5.51164 23
684 92 800 54 5.59796 372
684 100 804 62 5.61471 159
684 108 802 72 5.56382 159
684 116 804 82 5.52893 159
684 124 804 94 5.60347 168
172 132 244 116 5.35282 292
172 140 244 124 5.32141 292
172 156 254 142 5.36077 238
172 164 254 150 5.45433 360
172 172 254 158 5.45681 360
172 44 138 90 4.85046 463
172 180 254 166 5.38184 655
172 188 254 174 5.41866 238
172 12 210 12 4.89065 1500
172 196 254 182 5.41432 238
172 204 256 192 5.42495 238
172 228 242 218 5.48046 1156
172 60 210 50 4.9558 235
172 252 238 238 5.56844 1156
172 68 208 56 4.9688 235
172 276 182 282 5.22212 10
172 292 158 310 5.13357 1880
172 300 158 320 5.02317 693
172 76 272 40 4.92931 1727
172 20 210 18 4.89164 1500
172 84 272 48 4.92405 1727
172 356 142 372 4.8839 1106
172 100 224 80 4.81023 2113
172 116 250 102 5.25843 3484
172 124 244 108 5.31674 292
692 132 812 102 5.66377 168
692 140 812 112 5.65778 168
692 148 812 122 5.64867 168
692 156 812 134 5.68246 168
692 164 812 142 5.67969 168
692 172 812 152 5.68678 168
692 180 812 162 5.64272 168
692 188 814 172 5.52768 138
692 196 816 182 5.51476 584
692 204 814 190 5.46468 1595
692 52 822 0 5.03649 4590
692 212 814 202 5.46606 1595
692 220 818 212 5.27445 4419
692 228 814 220 5.37361 4419
692 236 812 232 5.34272 4527
692 60 822 12 5.35195 1040
692 252 826 254 5.19617 164
692 268 830 270 5.19207 214
692 68 824 20 5.28955 1040
692 276 828 282 5.13327 164
692 284 842 306 5.1693 60
692 292 840 314 5.17956 60
692 76 826 30 5.43347 1040
692 324 816 358 4.96808 23
692 332 814 368 4.94987 23
692 84 826 38 5.49951 1040
692 92 814 52 5.58424 372
692 100 812 62 5.62115 372
692 108 812 72 5.62073 372
692 116 812 82 5.64384 372
692 124 812 94 5.6613 168
700 132 820 102 5.57558 30
700 140 818 114 5.55378 30
700 148 822 122 5.55814 30
700 156 822 132 5.60876 30
700 164 822 142 5.62332 30
700 172 818 152 5.66256 30
700 180 818 162 5.62224 30
700 188 826 172 5.5288 1094
700 196 824 180 5.49141 584
700 204 824 192 5.39626 1595
700 212 826 200 5.45105 1595
700 220 826 212 5.35809 2586
700 228 824 220 5.3537 4419
700 236 826 232 5.36019 51
700 60 830 10 5.48336 139
700 244 828 242 5.21697 51
700 252 834 254 5.30339 1016
700 260 836 266 5.28822 1016
700 68 834 18 5.41728 139
700 276 836 276 5.192 190
700 284 850 306 5.1918 60
700 300 842 330 5.1073 33
700 76 834 30 5.48533 139
700 316 846 358 4.97576 33
700 324 846 364 4.94794 33
700 84 832 36 5.54778 139
700 92 822 52 5.60776 139
700 100 822 62 5.65344 139
700 108 824 72 5.60669 139
700 116 822 82 5.66128 139
700 124 822 88 5.55426 464
44 36 44 50 4.68503 2841
44 44 32 40 4.71344 2755
44 196 46 204 4.40917 3035
44 212 122 200 4.76908 8704
44 252 40 254 4.72981 1337
44 84 22 78 4.62891 2755
708 132 834 102 5.57797 30
708 140 834 110 5.49974 159
708 148 836 120 5.53338 30
708 156 832 132 5.59413 159
708 164 834 142 5.56398 159
708 180 838 160 5.58691 30
708 188 836 170 5.54027 1081
708 196 836 182 5.5482 1081
708 204 836 190 5.38546 1595
708 52 830 2 5.20664 2559
708 212 836 200 5.41311 1595
708 220 836 212 5.35824 2586
708 228 838 220 5.29427 0
708 236 838 232 5.46262 0
708 60 838 10 5.62252 30
708 244 838 240 5.39533 0
708 252 844 254 5.29179 1016
708 260 860 270 5.23853 101
708 268 860 282 5.25093 101
708 292 854 292 5.23147 60
708 308 822 336 5.07768 4
708 324 834 366 4.98399 23
708 84 842 36 5.61023 30
708 92 838 50 5.64605 30
708 100 838 60 5.68944 30
708 108 842 70 5.67217 30
708 116 838 80 5.71229 30
708 124 834 92 5.57993 30
716 132 844 100 5.54337 30
716 140 846 112 5.50505 30
716 148 846 120 5.44059 30
716 156 842 134 5.5147 30
716 164 840 142 5.53138 30
716 172 842 152 5.64524 30
716 180 844 160 5.61186 30
716 188 848 170 5.52271 138
716 196 846 182 5.52073 1081
716 204 848 190 5.36393 23
716 52 850 0 5.60678 1812
716 212 846 200 5.37987 1595
716 220 846 212 5.41395 2037
716 228 846 220 5.36608 51
716 236 846 232 5.45933 0
716 60 846 10 5.62546 159
716 244 848 240 5.39702 0
716 252 850 254 5.26909 118
716 260 868 272 5.25973 101
716 268 868 280 5.26438 101
716 68 846 20 5.55431 159
716 276 856 276 5.22072 190
716 292 862 292 5.18481 60
716 300 854 332 5.13755 33
716 76 854 28 5.65739 30
716 332 838 372 4.96144 23
716 84 854 38 5.59583 30
716 92 846 50 5.63676 30
716 100 846 60 5.68753 30
716 108 850 70 5.69437 30
716 116 846 80 5.71817 30
716 124 844 92 5.54014 30
180 132 254 116 5.34236 292
180 140 254 126 5.27966 432
180 148 250 134 5.29784 432
180 172 262 160 5.24833 655
180 44 228 26 4.92591 235
180 180 264 174 5.32367 242
180 188 262 176 5.38267 238
180 196 264 186 5.40411 238
180 212 264 196 5.23786 238
180 220 278 206 5.39326 292
180 228 254 216 5.53225 1411
180 236 250 226 5.54002 238
180 60 226 34 4.9081 235
180 252 246 238 5.58064 1411
180 260 194 266 5.38979 913
180 276 190 282 5.42055 913
180 292 170 310 4.89161 1697
180 300 166 320 4.83656 500
180 76 232 52 4.95767 4036
180 20 222 2 4.86555 1423
180 84 254 68 4.8627 827
180 348 146 366 4.95821 10
180 356 148 372 4.77353 1106
180 100 254 78 4.93341 896
180 108 260 90 5.09772 1683
180 116 262 100 5.32885 3205
180 124 260 110 5.35347 3205
724 132 858 100 5.6188 142
724 140 858 110 5.62467 142
724 148 856 122 5.60532 142
724 156 860 132 5.58732 142
724 164 858 142 5.507 142
724 172 858 150 5.66453 142
724 180 860 160 5.64253 142
724 188 858 170 5.56662 177
724 196 858 182 5.53927 1081
724 204 858 190 5.42291 1595
724 52 856 0 5.62458 1812
724 212 858 202 5.48605 1595
724 220 858 210 5.45794 0
724 228 860 222 5.44468 0
724 236 860 232 5.49479 0
724 244 858 240 5.42291 0
724 252 860 256 5.28249 672
724 260 874 270 5.28665 101
724 268 874 278 5.2605 101
724 68 858 20 5.60727 177
724 300 862 332 5.18372 33
724 308 874 348 5.01771 33
724 316 838 344 5.00052 58
724 84 854 40 5.56551 159
724 340 840 372 4.95753 96
724 92 856 50 5.62808 30
724 100 856 60 5.71287 30
724 108 860 70 5.71594 30
724 116 860 78 5.69906 30
724 124 858 90 5.62938 142
732 132 868 100 5.66985 142
732 140 866 110 5.64768 142
732 148 866 118 5.6338 142
732 156 868 134 5.64004 142
732 164 868 142 5.63375 142
732 172 868 150 5.66385 142
732 180 866 160 5.6645 142
732 188 868 170 5.58672 177
732 196 870 182 5.55044 1081
732 204 868 190 5.449 1595
732 52 866 0 5.5497 1812
732 212 868 202 5.42943 1595
732 220 868 212 5.48377 0
732 228 868 220 5.42326 0
732 236 868 232 5.46099 0
732 60 870 8 5.55412 159
732 244 870 242 5.46964 0
732 252 880 256 5.29979 1016
732 260 882 264 5.29883 1016
732 268 884 274 5.27645 101
732 68 864 20 5.63057 177
732 292 878 286 5.1616 60
732 300 856 310 5.09157 620
732 76 868 28 5.63354 88
732 324 864 366 4.99026 33
732 332 866 372 4.93457 33
732 84 870 38 5.57728 159
732 92 866 50 5.71288 30
732 100 866 60 5.71373 30
732 108 868 70 5.72904 30
732 116 868 78 5.72525 30
732 124 868 90 5.67571 142
740 132 878 100 5.60619 142
740 140 878 110 5.56334 142
740 148 878 120 5.55904 142
740 156 880 134 5.51137 30
740 164 878 138 5.49202 30
740 172 880 152 5.53509 30
740 180 880 160 5.61653 30
740 188 880 170 5.61646 584
740 196 880 182 5.61379 584
740 204 880 190 5.56143 23
740 52 874 0 5.52856 1812
740 212 880 202 5.52602 1184
740 228 880 222 5.37273 51
740 236 882 234 5.40574 51
740 60 880 8 5.6061 142
740 244 882 242 5.35135 51
740 252 890 256 5.28356 1016
740 68 880 18 5.64321 142
740 292 862 300 5.13001 354
740 76 878 28 5.64635 142
740 332 872 372 4.8758 33
740 84 880 38 5.67456 142
740 92 874 50 5.67509 159
740 100 878 58 5.65665 159
740 108 878 70 5.68143 159
740 116 878 82 5.65284 159
740 124 878 92 5.63401 142
748 132 888 102 5.65323 142
748 140 888 114 5.63899 142
748 148 888 122 5.63517 142
748 156 888 130 5.67276 159
748 164 888 142 5.68667 159
748 172 888 150 5.7151 159
748 180 890 160 5.69876 159
748 188 888 170 5.60303 584
748 196 888 182 5.61023 584
748 204 888 190 5.56024 23
748 212 890 202 5.46547 1184
748 220 892 210 5.33918 2586
748 228 892 222 5.30373 51
748 236 894 234 5.31298 0
748 60 888 8 5.5989 142
748 244 892 242 5.37862 0
748 252 898 256 5.26688 672
748 268 888 266 5.26488 118
748 68 890 18 5.60682 142
748 292 888 288 5.12605 166
748 300 880 320 5.10148 33
748 76 890 28 5.65341 142
748 316 854 346 5.10293 58
748 324 848 354 4.92713 149
748 84 888 38 5.65528 142
748 92 886 50 5.67911 142
748 100 888 58 5.66276 142
748 108 888 74 5.63575 142
748 116 888 82 5.6401 142
748 124 888 92 5.63789 142
188 132 270 118 5.40163 292
188 140 268 126 5.36011 3627
188 148 262 134 5.31322 292
188 156 262 140 5.30526 3627
188 164 270 150 5.31563 3627
188 172 270 158 5.38132 292
188 44 234 22 4.93062 3792
188 180 270 166 5.32748 292
188 188 270 176 5.47358 292
188 196 272 184 5.46738 292
188 52 234 30 4.96675 3792
188 212 272 198 5.34755 292
188 220 260 208 5.45142 238
188 228 262 216 5.54772 2152
188 236 260 226 5.60111 1385
188 252 254 236 5.63704 1385
188 260 254 242 5.63704 1385
188 276 270 252 5.57606 606
188 284 274 258 5.29269 423
188 292 176 314 4.71528 70
188 76 236 46 4.99052 4036
188 340 158 348 4.91146 70
188 348 160 354 4.78492 70
188 356 162 370 4.59828 1906
188 92 266 76 4.90909 827
188 100 268 86 5.07618 10
188 108 268 90 5.30666 1500
188 116 270 102 5.42225 3627
188 124 270 110 5.39498 292
756 132 898 114 5.57256 168
756 140 898 110 5.58674 159
756 148 898 120 5.59871 159
756 156 898 130 5.66584 159
756 164 896 142 5.6598 159
756 172 898 150 5.7126 159
756 180 898 160 5.68702 159
756 188 902 170 5.61139 18
756 196 904 180 5.59174 584
756 204 906 190 5.49698 23
756 212 904 202 5.44615 1184
756 220 902 212 5.36935 2586
756 228 904 220 5.31226 0
756 236 906 232 5.32959 51
756 60 904 6 5.59455 30
756 244 904 242 5.2563 51
756 252 906 252 5.21578 118
756 260 906 264 5.24706 1016
756 68 900 18 5.54691 159
756 276 896 272 5.17661 190
756 284 896 280 5.13075 166
756 292 898 290 5.18211 166
756 300 906 302 5.07247 200
756 308 902 296 5.08912 64
756 316 894 356 5.09856 33
756 324 888 366 4.81548 33
756 332 888 372 4.79384 33
756 84 898 38 5.42418 88
756 92 900 48 5.65369 30
756 100 898 58 5.65156 30
756 108 894 66 5.64047 139
756 116 898 78 5.61414 139
756 124 902 90 5.56872 142
764 132 914 100 5.58822 168
764 140 914 106 5.58734 168
764 156 914 130 5.62199 168
764 164 910 140 5.61698 159
764 172 910 150 5.69321 142
764 180 912 160 5.69482 142
764 188 910 170 5.58879 18
764 196 912 180 5.58509 584
764 204 914 190 5.49693 23
764 212 914 200 5.42648 1184
764 220 914 212 5.34908 0
764 228 914 222 5.19892 0
764 236 914 234 5.25528 0
764 60 914 6 5.57088 168
764 244 914 242 5.29143 0
764 252 914 252 5.22301 101
764 268 904 274 5.10253 101
764 68 912 16 5.63935 88
764 284 918 278 5.15178 60
764 300 898 320 5.09726 23
764 76 912 26 5.63822 168
764 308 910 294 5.0865 64
764 84 912 36 5.61208 168
764 92 914 46 5.65786 142
764 108 912 72 5.63489 30
764 116 912 82 5.61301 30
12 132 94 130 4.43694 4390
12 148 102 130 4.35578 6106
12 156 102 144 4.31418 3551
12 164 50 150 4.26505 4165
12 244 42 238 4.64503 7940
12 276 18 294 4.61945 7775
12 284 52 296 4.70869 7210
12 76 38 52 4.5904 9394
12 20 70 10 4.57547 6192
12 324 52 350 4.75037 4682
12 84 46 70 4.6111 9603
12 108 114 118 4.49545 4709
12 124 52 106 4.42362 6864
772 132 926 98 5.63578 142
772 140 928 102 5.62601 142
772 148 926 112 5.59872 142
772 156 926 130 5.62207 168
772 164 926 140 5.58284 168
772 172 922 150 5.67546 159
772 180 922 160 5.67061 159
772 188 914 168 5.54221 88
772 204 922 190 5.38091 90
772 212 926 202 5.11437 1595
772 220 928 210 5.03013 2684
772 228 926 222 5.06142 49
772 236 928 234 5.10176 49
772 60 922 6 5.58039 142
772 244 928 242 5.09533 49
772 68 926 14 5.64347 142
772 76 922 26 5.63732 168
772 84 922 36 5.61345 168
772 92 926 46 5.65392 168
772 100 926 56 5.63883 168
772 108 928 70 5.64362 142
772 116 928 74 5.65928 142
772 124 926 94 5.63136 142
780 132 938 106 5.66661 168
780 148 936 114 5.65869 168
780 156 938 128 5.63085 168
780 164 936 138 5.59885 168
780 172 936 150 5.5819 168
780 180 938 158 5.59949 168
780 188 938 170 5.45545 177
780 196 938 178 5.36354 1081
780 212 936 200 5.04696 1595
780 60 930 6 5.62392 142
780 260 922 262 4.83083 19
780 68 934 14 5.63512 142
780 76 936 28 5.5961 168
780 332 902 372 4.46716 152
780 84 938 36 5.61422 168
780 92 936 46 5.60768 142
780 100 938 56 5.60597 142
780 108 938 66 5.65977 142
780 116 936 74 5.65467 142
780 124 938 98 5.68486 168
196 132 278 118 5.4328 292
196 140 278 126 5.41182 655
196 148 270 132 5.34786 292
196 156 276 138 5.25302 432
196 164 278 150 5.45686 242
196 172 276 158 5.46864 242
196 44 240 26 4.91274 3792
196 180 276 166 5.38732 432
196 196 278 182 5.49011 292
196 52 238 32 4.97483 3792
196 228 270 216 5.54192 2152
196 236 268 226 5.63382 1449
196 252 274 234 5.65553 1449
196 260 270 238 5.65558 1449
196 268 268 246 5.59889 732
196 68 242 42 4.93086 4036
196 284 210 288 5.33354 70
196 292 202 302 4.95635 1906
196 300 202 314 4.81028 2808
196 76 244 50 5.01578 4036
196 324 166 338 4.81048 10
196 332 164 346 4.892 10
196 348 166 362 4.75957 10
196 356 168 368 4.53438 1106
196 100 274 82 4.75253 10
196 108 276 90 5.27671 1500
196 28 222 24 4.89427 1683
196 116 278 102 5.44325 3205
196 124 276 110 5.41134 292
788 132 946 102 5.69268 168
788 140 946 108 5.68633 168
788 148 946 118 5.68451 168
788 156 946 126 5.66832 168
788 164 946 134 5.65538 168
788 172 946 150 5.64158 168
788 180 946 160 5.65304 168
788 188 946 170 5.3908 138
788 196 946 180 5.24309 1094
788 212 698 196 4.80958 14376
788 220 700 202 4.85778 14654
788 228 700 210 4.78894 14654
788 244 698 224 4.75092 14654
788 76 946 26 5.59742 168
788 84 946 34 5.58759 168
788 92 946 46 5.63101 168
788 100 946 56 5.64809 168
788 108 944 64 5.64968 168
788 116 944 72 5.66282 168
788 124 946 94 5.68993 168
796 132 962 96 5.5474 1871
796 140 962 106 5.49397 1871
796 148 960 118 5.51474 1871
796 156 960 134 5.4833 1871
796 164 962 140 5.52853 1871
796 172 952 150 5.56087 372
796 180 954 160 5.55022 372
796 188 958 170 5.07215 464
796 196 954 180 5.04309 1627
796 212 706 196 4.82306 14376
796 228 706 210 4.88758 14170
796 236 706 216 4.84736 14170
796 60 942 6 5.44336 372
796 244 706 224 4.83669 14170
796 260 702 238 4.69806 15064
796 68 960 14 5.3203 83
796 284 700 254 4.81305 15064
796 292 702 262 4.8144 15064
796 308 702 272 4.74112 18443
796 316 702 280 4.72451 14092
796 332 698 292 4.63832 14092
796 84 962 36 5.35684 464
796 356 698 324 4.56066 14723
796 92 952 46 5.59568 372
796 100 954 56 5.60309 372
796 108 962 64 5.41618 464
796 116 960 76 5.42267 464
796 124 962 88 5.51857 1871
804 132 974 96 5.54653 1040
804 140 974 106 5.53331 1040
804 148 974 118 5.5388 1040
804 156 974 128 5.56907 1040
804 164 972 138 5.5614 1040
804 172 974 150 5.53294 1040
804 180 974 160 5.55416 1040
804 188 974 170 5.39983 464
804 196 972 178 4.9115 2463
804 204 708 190 4.71096 14996
804 220 710 206 4.89152 14170
804 228 714 210 4.90527 14170
804 236 714 218 4.85251 14170
804 60 974 0 5.3709 83
804 244 712 224 4.79921 14170
804 260 710 236 4.62991 15064
804 68 974 26 5.44762 464
804 284 708 254 4.78236 15064
804 292 710 262 4.77407 15064
804 300 708 266 4.77173 18977
804 76 974 22 5.46117 2463
804 308 708 272 4.7772 18977
804 324 710 284 4.7075 14092
804 332 708 290 4.68522 14092
804 84 974 34 5.47436 2463
804 340 710 300 4.50976 14170
804 348 706 316 4.58733 14723
804 356 704 324 4.48138 14723
804 92 974 42 5.49858 1040
804 100 974 54 5.51514 1040
804 108 974 64 5.51292 464
804 116 974 78 5.51262 464
804 124 974 86 5.55202 1040
812 140 982 106 5.46039 1040
812 148 982 114 5.43903 1040
812 156 982 130 5.48 1040
812 164 982 136 5.49346 1040
812 172 982 150 5.50767 1040
812 180 982 158 5.50346 1040
812 188 982 166 5.37785 464
812 196 980 174 4.92757 2463
812 204 716 188 4.6954 14996
812 52 986 0 4.88077 5194
812 212 714 196 4.72333 14092
812 220 714 206 4.79636 14170
812 236 720 216 4.84954 14170
812 60 982 0 5.4045 83
812 244 720 224 4.88077 14170
812 252 718 232 4.75119 13672
812 268 718 244 4.77472 14439
812 68 984 26 5.37989 464
812 276 718 252 4.76923 14439
812 284 716 256 4.75691 13759
812 300 716 266 4.77765 18977
812 76 984 22 5.42127 2463
812 308 716 274 4.79603 18977
812 324 716 282 4.70169 14092
812 332 716 290 4.75674 14092
812 84 984 34 5.42168 2463
812 340 714 298 4.46835 14170
812 348 714 314 4.49102 14255
812 92 984 44 5.45839 1040
812 100 984 52 5.44512 1040
812 28 984 10 4.7251 9126
812 116 982 66 5.44772 1040
812 124 982 88 5.49858 1040
204 132 286 118 5.41326 432
204 140 286 126 5.45002 292
204 148 286 134 5.49156 3484
204 156 286 142 5.50635 292
204 164 286 150 5.51271 292
204 172 286 158 5.51137 292
204 180 286 166 5.50991 292
204 188 286 174 5.53558 292
204 12 254 20 4.90725 1500
204 196 286 182 5.53366 292
204 204 286 190 5.44307 242
204 212 288 196 5.35175 292
204 220 278 208 5.48275 292
204 228 276 216 5.56858 2152
204 252 282 234 5.65558 1449
204 4 242 0 4.86107 581
204 68 250 42 4.9079 3661
204 276 284 252 5.56171 606
204 300 214 312 4.92647 2278
204 76 250 52 4.90163 3661
204 316 176 334 4.64686 187
204 20 256 28 4.93115 1500
204 332 174 344 4.83242 70
204 84 250 56 4.94563 235
204 356 182 368 4.58341 1106
204 108 374 160 4.73036 8604
204 28 250 36 4.88024 941
204 116 284 102 5.44326 3205
204 124 286 110 5.43296 432
820 132 990 96 5.37138 1303
820 140 994 108 5.28525 1303
820 148 994 118 5.34425 1303
820 156 992 126 5.34905 1303
820 164 992 138 5.33195 1303
820 172 990 150 5.31503 1303
820 180 994 158 5.27269 1303
820 188 994 170 5.25532 972
820 196 1000 180 5.10616 4526
820 204 724 188 4.76651 14996
820 212 724 198 4.76678 14092
820 220 722 204 4.77478 14170
820 260 726 238 4.82065 14376
820 268 726 244 4.88607 14654
820 68 994 10 5.2097 972
820 276 724 252 4.86185 14654
820 284 722 256 4.69889 13759
820 76 994 22 5.12161 972
820 316 724 282 4.61579 14092
820 324 722 278 4.69873 14092
820 332 724 290 4.67442 14092
820 84 994 32 5.14756 972
820 340 722 298 4.45239 14170
820 92 994 44 5.3213 1303
820 100 994 52 5.29784 1303
820 108 992 66 5.31648 1303
820 116 992 74 5.32766 1303
820 124 994 86 5.38425 1303
828 132 1010 94 5.249 3628
828 140 1010 114 5.2857 3628
828 36 1010 30 4.58508 6972
828 148 1010 120 5.26621 3628
828 156 1010 128 5.20889 3628
828 164 1008 138 5.20431 3628
828 172 1010 148 5.13254 3628
828 180 1010 158 5.21561 3628
828 188 1010 166 5.14537 2912
828 12 1006 2 4.53221 3071
828 196 1010 182 5.10606 4526
828 212 738 202 4.64872 13672
828 228 730 206 4.57173 13759
828 236 734 218 4.71299 15064
828 244 734 224 4.78197 14376
828 252 730 232 4.82401 14654
828 268 734 244 4.88469 14170
828 276 732 252 4.87344 14170
828 284 732 258 4.81701 13759
828 292 730 268 4.74949 14889
828 300 730 282 4.54606 17310
828 316 730 288 4.72727 17318
828 332 730 300 4.66037 14092
828 340 730 306 4.49462 14170
828 92 1010 42 5.08548 8082
828 100 1010 50 5.09394 8082
828 116 1012 74 5.10602 10223
828 124 1008 86 5.1552 3628
52 180 138 170 4.75498 7100
52 196 138 184 4.72811 5940
52 76 30 74 4.58155 2755
52 84 34 78 4.59781 2755
52 28 42 30 4.66385 2755
836 132 1022 90 5.14189 10223
836 148 1022 118 5.12678 5340
836 156 1022 122 5.08953 8381
836 164 1022 130 5.07027 8381
836 188 1076 174 4.84431 4014
836 196 1076 178 4.80486 4014
836 204 1074 194 4.83166 4014
836 212 1074 202 4.71725 4014
836 228 740 210 4.69522 13759
836 236 740 218 4.76689 15064
836 244 740 224 4.77101 14376
836 4 1024 24 4.45404 9967
836 260 736 238 4.76101 14092
836 268 740 244 4.88075 14170
836 276 740 252 4.868 14170
836 284 738 258 4.83295 13759
836 292 738 270 4.75224 14889
836 300 738 274 4.58697 19681
836 308 738 280 4.60608 14092
836 324 738 294 4.75276 17318
836 332 738 298 4.70619 14092
836 340 736 306 4.54192 14170
836 116 1022 70 5.15054 8381
836 124 1022 82 5.14064 8381
844 132 1028 86 5.09832 8381
844 140 1028 94 5.0892 8381
844 148 1028 118 5.05313 3628
844 156 1028 122 5.04171 8381
844 172 1028 134 5.00829 8381
844 188 1084 170 4.84282 4014
844 196 1084 182 4.84685 4014
844 204 1084 192 4.85061 4014
844 220 1084 210 4.74163 8220
844 228 1088 230 4.51893 9792
844 244 746 222 4.81051 14376
844 252 746 232 4.88199 14170
844 268 746 244 4.84292 14092
844 276 746 250 4.78477 14654
844 92 1030 62 4.40704 8082
844 100 1026 38 4.69871 4696
844 124 1028 78 5.10494 8381
212 132 294 114 5.29252 292
212 140 294 126 5.37904 292
212 148 294 134 5.51215 242
212 156 294 142 5.527 432
212 164 294 150 5.52971 242
212 172 294 158 5.52695 242
212 180 294 166 5.51206 432
212 188 294 176 5.53211 292
212 12 264 22 4.89032 1500
212 204 294 188 5.35892 3627
212 220 284 208 5.52303 292
212 228 284 216 5.56972 2152
212 236 278 226 5.63456 1449
212 60 246 38 4.93065 1423
212 260 274 240 5.65418 1598
212 268 280 246 5.61053 861
212 68 258 44 4.91737 3661
212 292 222 304 5.10973 1106
212 300 208 322 4.92633 693
212 332 210 360 4.8515 913
212 340 182 354 4.78711 70
212 348 186 362 4.75463 70
212 356 186 370 4.56398 1906
212 92 256 64 4.82475 1980
212 108 282 86 4.75504 3199
212 116 290 102 5.28902 3627
212 124 292 110 5.36106 292
852 132 1036 86 5.01961 10223
852 140 1036 112 4.97671 5340
852 156 1034 126 4.93051 8381
852 172 1046 148 4.95399 3742
852 180 1026 160 4.87491 4526
852 188 1026 170 4.88341 4526
852 196 1026 180 4.89813 4526
852 204 1094 192 4.81792 8220
852 212 1094 200 4.7196 4014
852 220 1094 208 4.71133 8220
852 260 752 238 4.88088 14170
852 268 752 246 4.84338 14092
852 308 748 278 4.61701 14092
852 316 750 294 4.66466 17318
852 324 750 300 4.64748 17318
852 100 1036 42 4.92188 2912
852 116 1036 70 5.04597 10223
852 124 1036 78 5.03499 10223
860 132 1044 84 4.92507 4526
860 156 1046 132 4.92212 4526
860 164 1044 142 4.9701 4526
860 172 1050 146 5.04585 8381
860 180 1054 158 4.95064 4678
860 188 1056 166 4.9197 3742
860 196 1034 182 4.9635 4526
860 220 1054 214 4.66811 10034
860 244 762 228 4.71163 15603
860 252 758 230 4.8005 15993
860 68 1056 8 4.53371 3589
860 276 758 252 4.76424 15993
860 316 756 290 4.52183 18593
860 324 754 298 4.58844 18593
860 340 760 306 4.50136 17318
860 100 1044 40 4.92004 2912
860 108 1044 66 4.94137 4526
860 28 1022 6 4.53068 4078
860 116 1042 72 5.01636 8381
868 164 1066 140 4.89834 3742
868 172 1066 146 4.91568 4678
868 44 1038 26 4.54373 3607
868 180 1062 158 4.93222 4678
868 188 1062 170 4.88892 3742
868 196 1098 182 4.86868 10214
868 204 1096 190 4.83978 10214
868 52 1012 38 4.46602 3480
868 212 1102 218 4.74333 9496
868 220 1100 226 4.80151 9496
868 268 1094 290 4.83629 10130
868 276 1094 296 4.79084 10130
868 84 1064 34 4.67784 7659
868 356 770 322 4.34919 17318
868 364 770 318 4.45511 13160
868 100 1062 42 4.64666 7659
876 132 1094 90 4.639 10432
876 172 1072 146 4.86757 4678
876 180 1070 158 4.77175 4678
876 52 1018 38 4.51159 3480
876 212 1108 214 4.77708 9496
876 228 1118 220 4.85097 10951
876 260 1104 272 4.79438 10382
876 68 1070 12 4.55589 3742
876 76 1074 32 4.7298 5333
876 20 1040 2 4.45945 3607
876 84 1072 42 4.71347 5333
876 28 1032 6 4.51377 4675
876 124 928 116 4.63281 10916
220 132 298 116 5.28596 432
220 140 298 124 5.31035 655
220 36 260 16 4.90001 436
220 148 302 134 5.50474 242
220 156 302 142 5.53026 432
220 164 302 150 5.53024 242
220 172 302 158 5.5323 242
220 180 302 166 5.47278 432
220 188 302 176 5.39308 238
220 52 272 24 4.88228 3661
220 212 298 198 5.52254 517
220 220 298 208 5.57196 292
220 228 298 216 5.60441 292
220 236 290 226 5.63624 1449
220 68 264 46 4.92095 3661
220 284 222 288 5.41033 10
220 292 236 306 5.09409 1106
220 300 216 322 5.07099 500
220 316 210 340 4.7703 500
220 324 196 328 4.6616 10
220 332 216 360 4.78296 913
220 84 270 58 4.93052 1418
220 340 216 368 4.79443 913
220 348 192 362 4.81238 70
220 356 192 370 4.63183 1106
220 92 270 68 4.89033 1811
220 108 294 92 5.10489 2640
220 124 300 110 5.2595 432
884 132 1102 88 4.62433 10432
884 36 1034 22 4.56278 3480
884 172 1104 146 4.52354 9445
884 180 1104 160 4.74597 9547
884 188 1110 174 4.82432 10822
884 196 1110 182 4.88307 10822
884 212 1110 204 4.87269 10822
884 220 1130 222 4.88774 10130
884 228 1130 226 4.89542 10130
884 236 1110 238 4.84116 9496
884 60 1074 0 4.4577 2742
884 252 1112 262 4.88568 10130
884 260 1112 270 4.89136 10382
884 268 1114 282 4.88848 10382
884 292 1116 296 4.8275 12114
884 76 1114 14 4.41161 11022
884 84 1110 22 4.6244 9496
884 92 1110 36 4.59169 11022
884 100 1110 42 4.59512 11022
884 28 1030 10 4.55371 3480
892 140 1134 102 4.77299 9101
892 36 1042 20 4.63053 3480
892 148 1138 110 4.64275 9101
892 156 1138 122 4.75334 9101
892 164 1134 134 4.81898 9101
892 172 1130 144 4.71436 7407
892 188 1118 174 4.88005 10822
892 196 1122 186 4.84795 10822
892 204 1122 198 4.88191 10822
892 212 1122 204 4.88612 10822
892 228 1136 230 4.89475 10130
892 236 1120 234 4.83954 9496
892 252 1122 262 4.82342 10130
892 284 1130 294 4.86554 12277
892 76 1146 8 4.81045 9101
892 108 1134 72 4.76775 9575
892 28 1038 14 4.50595 3480
892 116 1134 58 4.75638 9101
900 140 1142 102 4.79086 9101
900 36 1050 18 4.25251 4675
900 148 1144 110 4.68695 9101
900 156 1144 122 4.82976 9101
900 164 1142 134 4.81691 9101
900 172 1136 146 4.76208 7407
900 180 1134 158 4.76758 12768
900 188 1142 174 4.87303 10822
900 196 1134 184 4.86916 5101
900 204 1138 192 4.84832 5101
900 212 1138 204 4.84012 7407
900 220 1140 214 4.87464 10130
900 228 1140 222 4.90877 10130
900 236 1140 238 4.88881 10130
900 244 1138 246 4.86463 10130
900 252 1140 262 4.80744 10382
900 268 1146 288 4.87298 10130
900 68 1134 0 4.44085 8325
900 284 980 280 4.84845 7184
900 292 934 258 4.85944 19022
900 76 1154 8 4.7702 9101
900 316 1122 280 4.87198 12858
900 324 1126 290 4.89223 12858
900 84 1154 16 4.79784 9101
900 92 1142 34 4.73087 7086
900 100 1142 64 4.75791 9575
900 108 1138 54 4.75452 9101
900 116 1138 60 4.77085 9101
908 132 1150 82 4.81518 9101
908 140 1150 102 4.76567 12768
908 148 1150 114 4.7353 4014
908 156 1150 130 4.80758 5101
908 164 1150 136 4.82691 5101
908 172 1150 148 4.76231 5101
908 44 1118 0 4.22001 8655
908 180 1150 156 4.82879 7407
908 188 1150 172 4.8832 10822
908 196 1150 180 4.88555 10822
908 204 1150 192 4.87156 5101
908 212 1150 202 4.86437 5101
908 220 1150 216 4.86645 10130
908 228 1150 226 4.85656 10130
908 236 1148 240 4.92466 10130
908 244 1150 250 4.89323 10130
908 252 1148 262 4.80486 10382
908 260 1150 272 4.84162 9496
908 84 1150 18 4.75947 7086
908 92 1150 32 4.80039 7086
908 108 1150 70 4.80301 10382
908 28 1084 2 4.19019 6610
908 124 1150 74 4.79906 9101
228 140 304 124 5.40507 688
228 36 266 14 4.90094 436
228 148 306 134 5.38901 3484
228 156 308 142 5.40646 329
228 164 310 150 5.44643 10
228 172 306 160 5.43772 10
228 188 312 174 5.46826 238
228 196 310 182 5.41953 238
228 204 304 192 5.52776 1449
228 212 306 200 5.5746 732
228 220 306 208 5.60984 292
228 228 306 216 5.59732 292
228 252 290 234 5.65243 1598
228 268 290 246 5.61422 861
228 284 230 288 5.39294 10
228 292 244 306 5.07884 1106
228 300 226 324 5.00389 551
228 308 222 334 5.00959 551
228 316 220 340 4.97617 551
228 84 300 46 4.85514 585
228 100 306 82 5.17213 668
228 108 304 92 5.27047 2253
228 116 304 98 5.26302 2253
916 132 1166 90 4.82245 9928
916 140 1166 100 4.79729 11216
916 148 1166 112 4.66184 9928
916 156 1160 126 4.71018 5101
916 164 1160 136 4.79733 5101
916 172 1162 148 4.71238 5101
916 180 1162 156 4.78862 7407
916 188 1168 176 4.85246 10822
916 196 1166 182 4.89901 10822
916 204 1162 192 4.87829 5101
916 212 1158 202 4.88205 10214
916 228 1162 226 4.89421 10130
916 236 1162 240 4.88428 10130
916 244 1162 250 4.83071 10130
916 252 1170 264 4.88452 10130
916 268 1170 286 4.86755 10130
916 284 998 282 4.85242 4959
916 76 1166 8 4.75367 7086
916 316 1142 286 4.87103 12858
916 84 1168 16 4.75538 7086
916 340 1140 302 4.91819 12858
916 100 1168 44 4.71635 11045
916 108 1168 62 4.79129 9928
916 116 1168 74 4.84844 9928
916 124 1168 80 4.84703 9928
924 132 1176 88 4.85417 9928
924 140 1176 100 4.77512 11216
924 148 1176 108 4.64035 4014
924 164 1176 134 4.70275 11491
924 172 1174 144 4.66602 11491
924 180 1176 156 4.68145 11491
924 188 1176 174 4.84825 10822
924 196 1176 182 4.89054 10822
924 204 1176 190 4.78338 10822
924 212 1166 202 4.87042 10214
924 220 1166 214 4.92089 10130
924 228 1170 226 4.84851 10130
924 236 1168 240 4.90129 10130
924 244 1170 248 4.87109 10130
924 252 1176 262 4.84178 10130
924 260 1176 272 4.91305 10130
924 268 1178 284 4.83784 10130
924 68 1176 0 4.3251 6682
924 284 1006 282 4.84618 4959
924 76 1176 8 4.78263 7086
924 84 1176 18 4.79273 7086
924 92 1176 54 4.81051 10130
924 108 1176 62 4.85248 9928
924 124 1176 78 4.86419 9928
932 132 1188 82 4.80077 9928
932 140 1188 94 4.779 11216
932 148 1188 110 4.76542 9928
932 156 1190 124 4.81408 9928
932 164 1190 134 4.83328 11491
932 172 1192 144 4.79996 11491
932 180 1192 162 4.74381 10468
932 188 1192 174 4.78199 10193
932 196 1190 182 4.79679 10193
932 204 1190 194 4.79155 5101
932 212 1190 202 4.8001 5101
932 220 1178 214 4.88526 11771
932 228 1182 222 4.84411 11771
932 244 1194 246 4.73969 10119
932 252 1186 262 4.76806 11771
932 260 1186 272 4.84456 11771
932 292 978 258 4.87698 14627
932 300 1178 296 4.88908 10130
932 308 1180 304 4.8885 10130
932 316 970 282 4.84578 14627
932 332 982 296 4.8142 14627
932 84 1190 16 4.41465 9101
932 92 1190 30 4.81875 9928
932 100 1190 42 4.82321 9928
932 108 1190 58 4.82545 9928
932 116 1190 70 4.80818 9928
932 124 1188 72 4.78322 9928
940 132 1198 78 4.63364 9928
940 140 1198 94 4.65722 11216
940 148 1198 112 4.67967 9928
940 156 1198 124 4.75968 9928
940 164 1200 134 4.83889 11491
940 172 1200 146 4.71065 11491
940 180 1200 156 4.69977 7407
940 188 1200 170 4.78127 5101
940 196 1200 180 4.81536 5101
940 204 1202 188 4.86296 5101
940 220 1192 216 4.81974 10119
940 228 1190 224 4.79486 10119
940 236 1200 234 4.77099 10119
940 260 1024 250 4.77583 4959
940 276 944 280 4.8591 14429
940 292 1186 328 4.85135 9496
940 308 1188 306 4.90609 10130
940 340 992 306 4.82841 14627
940 348 990 316 4.86162 17858
940 92 1198 30 4.78261 9928
940 100 1200 40 4.77194 9928
940 108 1198 60 4.74798 9928
940 116 1200 66 4.74881 9928
940 124 1198 70 4.6627 9928
236 132 310 116 5.17246 2152
236 140 312 124 5.41357 688
236 148 312 134 5.40807 688
236 156 312 142 5.36464 3627
236 164 318 148 5.36258 3627
236 172 318 156 5.32969 3627
236 180 322 162 5.19908 292
236 196 318 182 5.4027 238
236 204 314 192 5.52111 1449
236 52 270 30 4.94384 436
236 212 314 200 5.56306 732
236 220 314 208 5.63224 292
236 228 312 216 5.6291 292
236 244 314 230 5.64539 292
236 252 302 232 5.63515 1598
236 268 294 248 5.61267 732
236 292 238 314 5.18849 10
236 300 234 322 5.22347 10
236 308 226 334 4.99536 551
236 324 250 352 4.94258 10
236 340 238 366 4.78129 10
236 348 238 370 4.92433 10
236 92 314 78 5.15889 2386
236 100 316 84 5.23715 2386
236 28 272 8 4.87879 235
236 124 312 108 5.23713 292
948 148 1210 94 4.58361 6539
948 156 1208 122 4.56286 5101
948 164 1212 134 4.81363 11491
948 172 1214 146 4.65029 11491
948 180 1216 158 4.74911 11491
948 188 1218 164 4.75817 11491
948 196 1208 180 4.7799 5101
948 204 1210 186 4.87454 5101
948 212 1206 196 4.82854 5101
948 228 1230 230 4.61791 46777
948 236 1230 238 4.62085 46777
948 244 1226 252 4.6469 46777
948 252 1226 258 4.63662 46777
948 300 1202 302 4.88754 10130
948 308 1128 298 4.90381 15393
948 316 1126 304 4.8983 15393
948 84 1192 20 4.41813 7086
948 340 936 298 4.86211 12498
948 348 994 314 4.87337 17858
948 92 1206 30 4.63483 6539
948 100 1208 40 4.68387 6539
948 116 1210 70 4.38405 9101
948 124 1210 74 4.42023 9575
956 140 1222 68 4.28437 9496
956 164 1222 134 4.81176 11491
956 172 1220 146 4.69144 11491
956 180 1226 156 4.76796 11491
956 188 1226 164 4.78099 11491
956 228 1240 230 4.57425 46777
956 236 1238 240 4.56904 46777
956 60 1202 0 4.25351 5334
956 244 1238 252 4.62385 46777
956 252 1238 260 4.58149 46777
956 260 1240 278 4.56438 46777
956 300 990 262 4.8702 17770
956 76 1198 14 4.34943 7086
956 308 1138 294 4.88285 15393
956 316 994 278 4.87955 17492
956 332 944 290 4.85576 12498
956 84 1202 22 4.47547 7086
956 340 1134 320 4.88215 12858
60 140 110 130 4.56379 1547
60 36 92 28 4.67356 2620
60 164 128 158 4.645 1837
60 196 144 162 4.72686 2197
60 316 1084 274 4.35552 131307
60 20 58 38 4.62357 3940
60 28 56 50 4.65641 3940
964 156 1232 122 4.16635 43229
964 204 1238 192 4.40591 40090
964 68 1210 10 4.11557 12403
964 276 1194 310 4.93924 9496
964 284 1196 314 4.90372 9496
964 292 1194 322 4.94264 9496
964 300 1216 306 4.93789 10130
964 76 1210 16 4.33209 12377
964 316 1218 354 4.88465 9496
964 324 958 282 4.87906 12498
964 340 1202 338 4.83881 10130
964 348 1140 326 4.85854 17088
964 108 1222 40 4.20275 11022
964 116 1218 48 4.18107 11022
972 140 1224 62 4.19956 9496
972 276 1202 306 4.90997 9496
972 308 1226 312 4.94044 10130
972 316 1226 356 4.90912 9496
972 324 962 282 4.87809 12498
972 332 1208 332 4.84337 10130
972 84 1226 22 4.03496 9496
972 340 1210 340 4.88549 10130
972 348 1018 314 4.82107 17492
972 356 922 366 4.77065 14115
972 364 918 372 4.7583 14115
972 100 1226 42 4.26331 9928
972 116 1220 98 4.19758 10382
972 124 1218 104 4.20493 10382
244 132 320 116 5.2574 2020
244 156 320 142 5.39552 3627
244 164 322 150 5.38916 2843
244 172 320 158 5.40699 2843
244 180 334 164 5.22587 2402
244 188 334 172 5.20884 2402
244 196 322 184 5.22831 2152
244 204 320 192 5.49351 1385
244 212 322 200 5.49785 517
244 220 322 208 5.61955 292
244 228 320 216 5.63579 292
244 268 298 248 5.57483 732
244 276 258 280 5.18137 496
244 292 244 314 5.2018 10
244 300 246 322 5.22653 10
244 316 238 336 5.08126 693
244 84 318 66 5.04863 536
244 92 324 76 5.18652 2386
244 100 322 82 5.20897 678
244 116 318 98 5.27078 2020
244 124 320 108 5.24683 2020
980 164 1230 134 4.7949 11491
980 172 1234 146 4.70379 11491
980 188 1228 168 4.52717 11491
980 276 1208 308 4.94879 9496
980 284 1206 314 4.95531 9496
980 292 1208 320 4.8892 9496
980 300 1226 300 4.914 10130
980 308 1224 310 4.92003 10130
980 324 1118 288 4.86601 17539
980 92 1232 34 4.27627 39256
980 100 1226 70 4.28258 10382
980 108 1226 80 4.25072 10382
988 164 1240 134 4.74973 11491
988 172 1240 146 4.69064 11491
988 180 1236 158 4.63208 11491
988 188 1238 166 4.61106 11491
988 196 1238 182 4.48883 10130
988 204 1240 190 4.31042 11491
988 68 1222 14 4.03196 12675
988 284 1214 314 4.93531 9496
988 292 1216 322 4.90077 9496
988 300 1232 302 4.8739 10130
988 76 1238 14 4.13042 11022
988 308 1232 306 4.90441 10130
988 316 1012 282 4.89706 17492
988 100 1234 74 4.21958 10382
988 108 1230 78 4.19156 10382
996 180 1240 158 4.52988 12973
996 188 1240 162 4.47589 12973
996 196 1240 182 4.40604 11771
996 52 1230 0 4.14961 12675
996 60 1228 8 4.10069 12675
996 292 1130 278 4.8609 14627
996 324 1176 312 4.86009 12114
1004 292 1024 264 4.85873 17659
1004 300 1030 274 4.8894 17492
1004 332 1010 290 4.84562 12498
1004 356 934 352 4.77542 14502
252 132 328 116 5.35607 1616
252 148 324 132 5.36238 2843
252 172 328 158 5.4616 2166
252 12 310 18 4.94928 292
252 4 278 6 4.91879 329
252 260 310 240 5.63415 1598
252 284 286 280 5.08676 920
252 308 248 330 5.0977 1880
252 316 246 336 5.05624 693
252 20 310 24 4.94154 292
252 84 324 66 5.04543 536
252 340 256 362 4.94856 10
252 348 258 368 4.91716 10
252 92 328 72 5.24267 139
252 108 326 90 5.4102 1616
252 116 324 100 5.4368 1616
1012 292 998 262 4.87547 14650
1012 340 932 302 4.84085 14195
1012 348 932 312 4.80003 14195
1012 356 946 352 4.74404 14502
1020 292 1162 278 4.82235 14627
1020 324 1044 292 4.80151 17689
1020 332 1162 322 4.76134 18602
1020 348 952 288 4.73122 15684
4 140 90 136 4.44226 6989
4 204 74 192 4.66214 7091
4 220 74 206 4.6141 5886
4 244 2 250 4.59072 8776
4 276 50 288 4.59271 7081
4 284 46 296 4.67542 7210
4 292 18 306 4.71127 7775
4 324 42 350 4.74398 4682
4 100 40 78 4.67944 9603
4 108 42 88 4.68386 9603
4 116 42 98 4.4165 8044
4 124 38 108 4.40577 8044
260 132 336 116 5.44286 1316
260 148 336 132 5.45498 1994
260 156 336 138 5.42245 1994
260 164 334 150 5.47595 1994
260 172 338 158 5.50829 1994
260 180 338 166 5.40124 30
260 212 332 198 5.40097 861
260 220 332 208 5.52382 1257
260 228 332 216 5.53069 1257
260 252 320 232 5.63857 1598
260 260 318 240 5.6353 1598
260 268 326 246 5.54693 861
260 68 342 58 4.98474 30
260 284 248 294 5.12621 454
260 292 254 314 5.2413 10
260 300 254 322 5.25496 10
260 76 344 62 5.13063 1316
260 308 318 332 5.13179 377
260 316 258 338 5.10195 693
260 20 314 22 5.04644 1
260 324 270 348 4.98064 227
260 340 250 350 5.01045 428
260 348 248 360 5.02108 428
260 92 336 74 5.25358 139
260 100 334 82 5.42681 226
260 108 334 90 5.45633 1316
260 116 334 98 5.45664 1994
260 124 334 108 5.46969 1316
268 132 344 116 5.45824 1316
268 140 342 124 5.49079 1787
268 148 344 132 5.54127 1812
268 156 344 140 5.54205 1812
268 164 344 150 5.54837 1812
268 172 346 158 5.53424 1812
268 180 344 166 5.35164 30
268 252 328 232 5.59814 1223
268 4 318 10 5.05622 4010
268 260 328 240 5.59599 1223
268 292 274 314 5.17975 693
268 300 274 322 5.22246 693
268 76 354 64 5.16699 159
268 308 268 330 5.0664 693
268 316 266 338 5.09488 693
268 324 354 354 4.98988 467
268 340 258 350 4.99615 428
268 92 338 82 5.24231 1812
268 100 344 82 5.36774 226
268 108 342 90 5.41547 1316
268 28 322 28 4.83921 796
268 124 344 106 5.46079 1316
68 36 128 4 4.68391 891
68 148 116 136 4.61298 1547
68 156 142 150 4.57232 908
68 172 152 160 5.06708 3861
68 180 152 168 5.06026 3861
68 188 152 176 4.99683 5267
68 52 118 22 4.67521 5447
68 68 78 70 4.73424 705
68 308 176 338 4.57449 4698
68 84 78 84 4.627 1463
68 28 84 46 4.68134 1360
68 124 134 116 4.63432 1490
276 140 352 124 5.4935 1787
276 36 334 34 5.06169 4419
276 148 352 132 5.55689 1812
276 156 352 140 5.54265 1812
276 164 352 150 5.54882 1812
276 172 352 156 5.56359 1812
276 44 358 32 5.09573 1522
276 180 352 162 5.36975 139
276 188 350 174 4.86241 2477
276 52 358 42 5.18636 1522
276 252 318 234 5.52684 271
276 4 326 0 5.30853 4528
276 268 330 254 5.29057 242
276 68 350 48 5.15511 142
276 276 264 284 5.17386 454
276 284 266 294 5.13011 454
276 292 342 312 5.06867 569
276 300 284 322 5.1183 10
276 76 360 62 5.22237 142
276 308 286 330 5.06418 10
276 20 326 18 5.27931 4419
276 324 274 356 4.96337 1458
276 84 362 70 5.21967 142
276 348 304 354 4.98797 328
276 92 354 76 5.22708 142
276 100 352 82 5.42363 226
276 108 350 90 5.42355 226
276 116 352 100 5.41808 1316
284 132 358 116 5.42045 324
284 140 360 124 5.44674 1316
284 36 346 30 5.17668 4419
284 148 360 132 5.54616 1994
284 156 360 140 5.5308 1994
284 164 360 148 5.51018 1812
284 172 360 158 5.46203 1812
284 44 366 34 5.12958 1751
284 180 360 162 5.28947 30
284 244 336 230 5.50364 655
284 252 336 234 5.49351 655
284 260 336 242 5.49886 655
284 268 338 254 5.34352 242
284 68 358 48 5.10026 142
284 284 370 310 5.07524 377
284 292 294 314 5.1944 10
284 300 294 322 5.23629 10
284 76 370 62 5.13717 142
284 308 370 330 5.04756 377
284 340 368 366 4.99047 377
284 348 314 358 4.97298 328
284 100 360 82 5.44721 226
284 108 360 90 5.41374 226
284 124 356 108 5.41535 159
292 132 368 116 5.4363 1763
292 140 368 124 5.44893 1787
292 148 368 132 5.45639 1812
292 164 368 148 5.50744 1812
292 172 368 158 5.51742 1812
292 12 358 6 5.55869 824
292 196 340 180 4.83361 2464
292 52 378 38 5.2232 2624
292 60 374 38 5.2366 2624
292 68 378 46 5.14047 2624
292 292 300 314 5.22829 10
292 300 302 322 5.21692 10
292 76 378 62 5.12466 372
292 308 294 338 5.08291 10
292 316 294 346 5.02724 10
292 324 302 332 4.97877 10
292 348 304 360 4.96728 10
292 108 368 90 5.43444 1522
292 116 366 98 5.39991 1522
292 124 364 106 5.40368 159
300 36 382 20 5.52915 2803
300 156 374 142 5.41515 1522
300 164 376 148 5.45059 1522
300 172 376 158 5.35403 1763
300 44 386 28 5.33061 835
300 188 382 168 4.8881 88
300 196 350 178 4.79308 2464
300 52 388 38 5.45812 3984
300 60 386 42 5.36884 3984
300 4 374 0 5.6031 2211
300 68 386 54 5.48905 3984
300 276 318 260 5.15446 10
300 284 318 266 5.11139 10
300 300 320 322 5.13293 70
300 76 386 60 5.44775 3984
300 84 388 68 5.27855 1871
300 348 324 366 4.91567 124
300 92 376 72 5.23884 168
300 100 374 82 5.37984 437
300 108 376 90 5.42494 1522
300 28 374 14 5.58348 2211
300 116 374 98 5.44982 1522
300 124 376 108 5.40149 1763
76 36 118 6 4.68087 751
76 164 154 158 4.83126 317
76 172 160 160 4.91202 3861
76 180 160 168 5.08658 3861
76 188 160 176 4.98563 5267
76 60 86 66 4.7381 705
76 260 40 258 4.7189 13866
76 268 46 274 4.54042 12628
76 276 38 290 4.3952 13906
76 340 114 354 4.69149 351
76 100 112 70 4.72688 3769
308 132 382 116 5.42141 324
308 140 380 124 5.42211 1316
308 36 394 20 5.52558 2803
308 148 382 132 5.42728 1316
308 156 384 140 5.41992 226
308 164 384 148 5.33603 1616
308 172 390 158 5.26206 1812
308 44 394 30 5.54454 3808
308 180 390 162 5.25412 1040
308 188 390 168 4.98802 464
308 52 394 36 5.57353 4590
308 60 394 44 5.57182 3808
308 4 382 0 5.6031 2211
308 68 394 52 5.6029 3808
308 276 324 262 5.15309 10
308 284 322 270 5.10978 10
308 76 394 60 5.55949 4590
308 84 394 70 5.26907 1040
308 100 382 82 5.39137 226
308 108 384 90 5.42427 226
308 116 386 102 5.17651 1616
316 132 392 116 5.37444 226
316 140 390 122 5.41398 1316
316 148 390 132 5.43736 1316
316 156 392 140 5.4038 226
316 164 392 148 5.29057 1316
316 44 402 28 5.52916 3808
316 188 400 170 4.99293 464
316 196 400 182 4.89284 2463
316 52 402 36 5.58734 4590
316 60 404 44 5.60114 3808
316 76 402 60 5.58955 4590
316 20 390 6 5.59694 2211
316 332 350 340 5.02463 10
316 84 400 70 5.21417 1303
316 92 390 76 5.2627 1040
316 100 390 82 5.41225 226
316 108 392 90 5.36734 226
316 28 408 10 5.58645 346
316 116 394 98 5.33278 1812
316 124 394 104 5.345 1316
20 156 106 144 4.51894 2790
20 164 106 152 4.3578 2790
20 188 62 176 4.38848 3655
20 220 102 210 4.80392 4217
20 244 52 240 4.71422 7940
20 276 8 278 4.61735 8211
20 284 30 296 4.64912 5091
20 316 62 346 4.75625 4682
20 356 118 368 4.50618 9136
20 100 60 86 4.68835 9912
20 108 58 96 4.70872 9912
20 116 118 126 4.5076 4709
20 124 60 122 4.38959 6864
324 132 400 116 5.36797 437
324 36 406 18 5.54508 2697
324 148 400 132 5.43065 324
324 156 400 140 5.41033 324
324 164 406 150 5.30092 1316
324 172 410 162 5.31794 1812
324 44 408 28 5.4816 1316
324 188 408 174 4.99564 696
324 52 408 36 5.60187 1994
324 212 340 198 5.0928 25
324 220 342 202 4.97008 25
324 228 342 212 5.1787 838
324 236 342 220 5.22098 838
324 60 408 44 5.62908 1316
324 68 406 50 5.63674 1316
324 276 338 262 5.28062 838
324 284 338 266 5.25677 838
324 300 342 324 5.13793 838
324 76 412 62 5.59388 2166
324 316 350 344 4.99266 838
324 20 398 6 5.59688 2211
324 348 352 350 5.01179 10
324 92 406 76 5.34852 1316
324 100 406 84 5.37157 1316
324 108 400 88 5.34648 30
324 28 398 14 5.59111 2211
324 116 402 98 5.38576 30
324 124 400 106 5.32225 30
332 132 410 116 5.39904 437
332 140 406 122 5.41445 30
332 36 416 20 5.54072 2697
332 148 408 132 5.42725 30
332 164 410 148 5.31325 1316
332 172 406 160 5.32438 1812
332 44 416 28 5.56247 1316
332 188 416 176 5.03615 696
332 196 434 176 4.95716 2493
332 52 416 36 5.59354 1994
332 212 348 198 5.17775 89
332 220 350 204 5.05688 350
332 228 348 212 5.29629 314
332 236 348 220 5.31856 314
332 60 418 44 5.63314 1316
332 244 348 226 5.36702 314
332 252 350 234 5.31885 314
332 4 302 74 4.57557 84714
332 260 348 240 5.18189 314
332 268 348 250 5.30999 350
332 68 414 50 5.63674 1316
332 276 346 260 5.3372 350
332 284 344 268 5.31738 314
332 292 358 316 5.17929 10
332 76 414 64 5.53128 1994
332 308 354 338 5.05555 10
332 20 416 4 5.58046 346
332 92 414 76 5.43271 1812
332 100 414 84 5.43049 159
332 108 408 90 5.43333 159
332 28 416 12 5.57622 346
332 116 408 98 5.44052 159
332 124 410 110 5.34512 1787
84 156 158 138 4.88297 173
84 164 162 154 4.97434 124
84 196 162 186 5.08202 124
84 212 164 198 5.09537 4385
84 220 162 210 5.09257 2894
84 228 162 218 5.18188 4385
84 252 74 256 5.04356 1701
84 268 70 276 4.9759 124
84 276 62 288 4.9503 14071
84 284 60 298 4.95969 12861
84 316 74 346 5.1482 124
84 340 86 372 5.07723 173
340 140 418 124 5.37154 1763
340 36 424 20 5.53558 226
340 148 418 132 5.33403 1763
340 156 422 140 5.38364 1316
340 164 422 148 5.39575 1316
340 172 422 154 5.38406 1763
340 44 424 28 5.60856 1316
340 196 440 192 4.87402 751
340 204 430 202 4.97171 533
340 52 424 36 5.60095 1316
340 212 358 198 5.18721 89
340 228 356 212 5.29447 314
340 236 356 220 5.26635 314
340 60 426 44 5.58381 1316
340 244 358 226 5.37334 314
340 252 358 234 5.33966 314
340 260 358 242 5.08047 314
340 268 356 250 5.33625 350
340 68 424 52 5.5897 1316
340 276 354 260 5.33498 350
340 284 354 268 5.2542 314
340 300 366 324 5.22263 10
340 76 424 56 5.51414 2166
340 316 360 346 5.03711 10
340 20 430 2 5.53602 122
340 84 422 66 5.50347 30
340 348 344 372 4.97449 959
340 92 422 74 5.46868 3808
340 100 422 82 5.48212 3808
340 108 416 90 5.38249 159
340 28 430 10 5.5609 122
340 116 416 100 5.40146 159
340 124 422 108 5.44685 1522
348 132 430 116 5.45652 1522
348 140 428 124 5.37083 1763
348 36 432 18 5.51277 226
348 148 428 132 5.33542 1763
348 156 430 140 5.44549 1316
348 164 430 150 5.44219 1316
348 172 430 156 5.36888 1763
348 44 432 28 5.61409 1316
348 188 426 166 5.12637 633
348 204 358 190 5.06371 1614
348 52 432 36 5.59365 1316
348 212 362 198 5.28599 954
348 220 358 204 5.23188 86
348 228 362 212 5.38339 45
348 236 362 220 5.39525 45
348 60 432 44 5.57708 1316
348 244 362 226 5.40643 86
348 252 362 236 5.27964 45
348 260 362 242 4.99218 314
348 68 432 52 5.56497 1316
348 284 362 266 5.204 314
348 292 374 316 5.20162 10
348 300 374 324 5.20397 10
348 308 378 334 5.10093 10
348 20 438 2 5.55818 122
348 324 368 340 4.99607 45
348 84 430 66 5.50956 30
348 92 430 74 5.49867 1812
348 100 430 82 5.50113 159
348 108 430 92 5.45528 1812
348 28 434 10 5.56105 122
348 116 430 100 5.391 159
348 124 430 108 5.428 1522
356 132 440 116 5.40863 1316
356 36 440 18 5.5022 3499
356 164 438 150 5.4191 1316
356 172 436 158 5.35276 1648
356 44 440 28 5.49675 1787
356 188 434 166 5.01365 417
356 204 366 190 5.13918 1614
356 52 440 34 5.49751 1787
356 220 366 206 5.25733 86
356 228 370 212 5.43019 838
356 236 370 220 5.42065 838
356 60 440 44 5.46586 1812
356 244 378 226 5.3945 838
356 252 374 234 5.42043 838
356 260 380 240 5.1252 86
356 268 374 250 5.35696 86
356 68 440 50 5.44245 1787
356 276 374 258 5.34545 86
356 292 384 316 5.14037 10
356 300 384 324 5.20389 10
356 76 436 62 5.42609 1316
356 308 386 336 5.13654 10
356 316 382 344 5.1653 10
356 84 436 66 5.51788 1994
356 348 374 358 4.98776 45
356 92 436 74 5.50144 1994
356 100 436 82 5.48359 30
356 108 438 90 5.48243 30
356 116 438 98 5.44959 30
356 124 438 106 5.37004 1316
364 140 446 122 5.36592 1812
364 148 446 132 5.44328 1812
364 156 446 140 5.51269 1787
364 164 448 148 5.50703 1787
364 188 442 166 4.95251 633
364 204 378 190 5.11306 596
364 52 448 34 5.45747 3808
364 212 378 198 5.31346 954
364 220 378 204 5.29194 86
364 228 376 212 5.42209 45
364 236 378 220 5.41685 45
364 60 448 42 5.47117 1040
364 244 386 226 5.39731 838
364 252 386 234 5.4084 838
364 268 382 250 5.26418 86
364 68 448 50 5.47423 1040
364 276 382 256 5.24891 86
364 292 394 314 4.93288 45
364 300 394 324 5.05418 45
364 76 446 58 5.49661 1316
364 20 448 2 5.43986 346
364 324 376 342 5.04774 45
364 84 446 66 5.52885 1994
364 348 382 366 5.02507 45
364 92 446 74 5.50195 1994
364 100 446 82 5.45924 30
364 108 446 92 5.47664 30
364 28 446 12 5.28604 346
364 116 446 98 5.48678 30
364 124 448 108 5.42885 1812
92 132 152 130 4.71205 673
92 36 150 10 4.81627 491
92 156 166 140 4.96312 173
92 164 168 150 5.11533 124
92 188 182 178 5.11009 2857
92 12 120 22 4.76417 941
92 204 182 184 5.10074 4252
92 52 150 18 4.86267 2857
92 212 170 198 5.10617 4252
92 220 170 210 5.20886 2857
92 228 170 216 5.3448 4252
92 252 88 254 5.06124 173
92 260 78 266 5.04242 184
92 268 80 274 5.02707 184
92 68 134 42 4.83344 3956
92 276 70 288 5.0489 553
92 284 70 298 5.06381 87
92 300 70 322 5.12446 87
92 84 138 64 4.92904 2857
92 100 134 80 4.87338 2857
372 132 454 116 5.48739 1763
372 140 454 124 5.44629 1763
372 148 454 132 5.46838 1812
372 156 456 140 5.50666 142
372 164 456 148 5.51587 1763
372 172 454 156 5.46772 1763
372 44 450 22 5.31694 1316
372 188 458 178 4.99056 633
372 204 390 190 4.97199 1614
372 212 386 198 5.31967 25
372 220 386 204 5.36186 86
372 228 386 212 5.4324 45
372 236 386 220 5.40065 45
372 60 456 42 5.43672 1812
372 244 394 226 5.40469 45
372 252 394 234 5.35279 45
372 260 402 244 5.13909 86
372 268 392 246 5.20349 86
372 276 390 258 5.24002 86
372 284 392 264 5.21661 838
372 292 402 316 5.15199 123
372 300 402 324 5.18166 123
372 76 452 58 5.43741 1316
372 316 394 342 5.09557 45
372 20 456 2 5.01629 662
372 332 384 350 5.0317 45
372 84 454 64 5.52063 1994
372 340 382 354 5.04319 838
372 348 390 370 5.03973 45
372 92 454 74 5.52154 30
372 100 452 82 5.53253 30
372 108 454 90 5.45737 1994
372 116 454 98 5.51293 30
380 132 462 116 5.48004 1763
380 140 462 124 5.48758 1763
380 148 466 134 5.43124 1763
380 156 464 140 5.49587 142
380 164 464 148 5.51631 1763
380 172 462 156 5.51869 1763
380 44 462 22 5.192 1316
380 180 462 164 5.40234 159
380 188 464 178 5.03377 633
380 204 394 190 4.99073 1614
380 52 464 34 5.50206 1812
380 212 392 198 5.32567 25
380 220 392 204 5.33642 907
380 228 392 212 5.4116 838
380 236 392 220 5.38378 838
380 60 464 42 5.50375 1812
380 244 400 226 5.39832 838
380 68 464 50 5.41509 159
380 276 400 256 5.20737 350
380 300 414 324 5.17518 45
380 76 462 58 5.44783 1316
380 308 402 334 4.96228 123
380 84 462 66 5.51334 1994
380 340 390 354 5.035 838
380 348 390 362 5.04942 838
380 92 460 74 5.50324 30
380 100 462 82 5.52489 30
380 108 462 90 5.50404 1994
380 116 462 98 5.50211 30
380 124 462 106 5.46754 1763
388 132 468 116 5.4453 1812
388 140 470 124 5.48868 1812
388 172 468 156 5.4941 1812
388 180 468 164 5.46557 142
388 196 466 190 4.922 25
388 204 404 190 5.01969 1614
388 228 400 212 5.24518 314
388 236 400 220 5.21333 86
388 252 406 232 5.29974 314
388 260 412 242 5.16147 350
388 268 410 250 5.18467 350
388 68 472 50 5.41472 159
388 276 408 256 5.22229 350
388 292 408 316 5.20236 123
388 76 472 60 5.4012 159
388 308 418 334 4.9946 123
388 316 414 344 5.00994 123
388 324 400 350 5.03251 45
388 332 400 362 4.98356 45
388 84 472 66 5.38735 159
388 348 400 370 5.0285 45
388 92 474 82 5.27529 142
388 100 470 82 5.42534 1812
388 108 470 90 5.46238 1812
388 116 470 98 5.43199 1763
388 124 470 106 5.48063 1763
396 132 478 116 5.42795 1763
396 140 476 124 5.45202 1763
396 148 474 132 5.33977 142
396 156 476 142 5.31035 142
396 164 476 148 5.47097 1763
396 172 476 156 5.49164 1763
396 44 478 34 5.02835 1522
396 180 474 164 5.42627 142
396 188 478 174 5.13215 417
396 196 474 186 5.04098 2493
396 204 410 190 4.99714 1663
396 52 456 12 5.01059 3984
396 212 408 198 5.19167 151
396 220 406 204 5.26502 86
396 228 408 214 5.32489 45
396 236 408 220 5.36065 86
396 60 474 44 5.31724 142
396 244 408 226 5.37303 86
396 260 416 238 4.90685 45
396 316 422 342 4.98035 123
396 324 418 350 4.99899 45
396 84 480 66 5.38107 1648
396 340 432 344 5.01018 314
396 92 480 74 5.30815 168
396 100 480 82 5.3213 168
396 108 478 92 5.41117 1522
396 116 478 98 5.48774 1763
396 124 478 106 5.46509 1763
100 132 184 134 4.84723 1029
100 140 168 116 4.76787 3817
100 156 182 142 4.96993 187
100 164 182 152 5.31176 70
100 172 184 160 5.35204 2400
100 44 162 6 4.85649 2857
100 180 184 168 5.27646 2400
100 188 184 176 5.31678 3817
100 196 184 184 5.25741 263
100 204 184 192 5.19352 263
100 212 182 202 5.20995 263
100 60 146 30 4.99238 1415
100 244 106 238 5.05529 187
100 252 102 254 5.08743 187
100 260 106 264 5.01088 187
100 68 150 42 4.94162 1415
100 276 78 288 5.1611 790
100 284 78 298 5.19275 187
100 292 76 308 5.18958 187
100 300 82 318 5.26181 187
100 76 146 52 4.93743 1415
100 308 82 328 5.25862 187
100 316 70 346 5.18193 70
100 332 72 356 5.15604 187
100 84 142 62 4.99455 1415
100 100 146 78 4.92519 2857
404 132 490 112 5.28951 3808
404 140 488 120 5.28542 2559
404 36 498 6 4.88118 594
404 172 484 156 5.36244 168
404 44 466 2 5.06921 4062
404 180 484 164 5.40415 168
404 188 484 174 5.26249 971
404 52 466 14 5.02323 3984
404 212 416 198 5.12865 954
404 220 416 204 5.24698 86
404 228 416 212 5.33478 45
404 236 416 218 5.3514 86
404 60 482 46 5.27218 168
404 244 416 228 5.30531 86
404 260 422 242 5.03104 45
404 276 418 260 4.94817 86
404 284 424 260 5.02044 45
404 308 446 330 5.00727 69
404 316 444 336 5.05508 69
404 332 424 354 4.95268 45
404 84 488 66 5.3446 1648
404 340 442 344 5.02028 123
404 348 440 352 5.05903 123
404 92 488 78 5.37682 168
404 100 488 84 5.3949 168
404 108 486 92 5.40657 168
404 116 486 98 5.45155 1648
412 140 496 124 5.30637 3984
412 148 482 130 5.22745 3984
412 156 480 136 5.34294 1871
412 164 480 146 5.32758 1871
412 44 472 2 5.06201 4062
412 188 492 172 5.36581 2465
412 196 492 182 5.37325 17
412 204 494 190 5.35867 17
412 52 474 14 5.16895 3984
412 212 494 198 5.2981 27
412 236 424 222 5.0879 369
412 244 478 238 5.33537 17
412 252 478 250 5.33635 17
412 284 494 290 4.90758 22
412 292 458 316 4.98209 45
412 300 456 326 5.08013 45
412 76 492 54 5.1038 372
412 308 450 326 5.06303 69
412 316 452 336 5.0332 69
412 324 474 350 5.03786 113
412 332 476 362 5.05251 113
412 340 448 344 5.00524 123
412 348 448 352 5.01275 123
412 92 496 74 5.19611 372
412 100 496 82 5.35543 1136
412 108 496 90 5.35555 3808
412 116 494 98 5.42747 3984
412 124 494 106 5.43337 3984
420 132 502 114 5.39909 3808
420 148 488 128 5.36873 4590
420 156 488 136 5.43968 1040
420 164 488 146 5.434 1040
420 172 488 154 5.38792 4590
420 44 486 4 4.92322 1751
420 180 500 166 5.35606 122
420 188 500 174 5.39018 122
420 196 500 182 5.3767 122
420 204 498 190 5.39328 122
420 52 486 14 5.16967 3984
420 212 490 202 5.34457 122
420 220 490 208 5.39169 122
420 236 490 230 5.49552 71
420 60 486 22 5.16062 3984
420 244 490 238 5.45853 71
420 252 490 250 5.44947 71
420 260 486 258 5.36952 122
420 268 488 270 5.3323 122
420 68 494 38 5.14137 265
420 276 482 276 5.28701 160
420 292 470 316 5.1188 248
420 300 470 326 5.1445 248
420 76 494 46 5.15458 265
420 308 472 334 5.08413 248
420 316 472 342 5.06577 248
420 20 506 10 4.87262 1789
420 332 466 338 5.02429 45
420 84 486 52 5.29751 265
420 92 488 62 5.28935 265
420 116 502 98 5.45687 4590
420 124 502 106 5.46674 4590
428 132 508 114 5.4085 3808
428 140 512 122 5.35968 4590
428 148 510 132 5.29929 1303
428 156 498 138 5.39253 1040
428 164 498 146 5.40655 1040
428 172 508 156 5.38641 2465
428 180 510 164 5.44313 17
428 188 510 172 5.43834 17
428 196 510 182 5.43253 122
428 204 508 190 5.42685 122
428 52 494 14 5.12661 2559
428 212 502 202 5.35371 122
428 220 498 208 5.38557 122
428 236 498 230 5.49566 71
428 60 494 20 4.98065 2559
428 244 498 238 5.48328 71
428 252 496 250 5.43607 71
428 260 496 258 5.34837 122
428 268 496 268 5.32581 122
428 68 498 38 5.09923 1409
428 276 488 276 5.29843 160
428 292 476 318 5.15122 1488
428 300 476 326 5.1749 1488
428 308 480 338 5.0538 248
428 316 482 346 5.09757 248
428 340 486 372 5.05119 86
428 92 498 62 5.2369 265
428 100 510 80 5.37041 2957
428 108 512 90 5.37107 3808
428 116 510 98 5.41476 4590
428 124 510 106 5.42875 4590
108 164 190 152 5.22407 70
108 172 192 160 5.35499 1500
108 44 170 12 4.83793 2857
108 180 192 168 5.40172 3484
108 188 192 176 5.41642 329
108 196 192 184 5.40976 329
108 204 192 192 5.40545 3484
108 52 158 28 5.09683 4042
108 212 192 200 5.40681 329
108 220 192 208 5.34571 1500
108 60 156 34 5.11553 4042
108 244 118 236 5.19641 10
108 252 120 242 5.11475 10
108 260 118 262 5.11011 227
108 268 92 278 5.15351 1655
108 68 156 42 5.02 1233
108 276 88 288 5.15416 790
108 284 86 298 5.20937 187
108 76 156 54 5.04301 4042
108 316 80 342 5.2429 10
108 332 80 356 5.1678 187
108 84 154 62 4.98354 1233
108 92 174 82 4.90906 790
108 100 156 80 4.97065 4042
108 108 158 90 4.98135 4042
436 148 520 132 5.35903 1303
436 156 520 138 5.22986 1409
436 164 510 148 5.26066 464
436 172 518 156 5.38987 2465
436 44 504 6 5.09122 3808
436 180 518 164 5.43582 17
436 188 518 172 5.41023 17
436 12 526 2 4.83762 1789
436 196 518 182 5.34892 17
436 204 518 190 5.38268 17
436 52 502 14 5.11501 4590
436 212 512 200 5.40885 122
436 220 512 208 5.45339 122
436 228 512 220 5.49333 71
436 244 508 238 5.5045 71
436 252 506 250 5.46933 71
436 260 506 260 5.41117 122
436 268 504 270 5.35078 122
436 276 498 282 5.28726 160
436 284 502 288 5.28579 690
436 292 494 318 5.20649 248
436 300 494 326 5.16136 248
436 76 502 42 5.27826 464
436 316 492 354 5.02746 369
436 84 502 50 5.32284 464
436 340 490 370 5.02962 86
436 92 506 62 5.32243 464
436 100 518 82 5.31987 265
436 116 520 100 5.28532 1648
444 132 518 110 5.33997 924
444 164 518 148 5.35129 924
444 44 512 6 5.06091 3808
444 180 528 164 5.3432 122
444 188 530 174 5.35495 122
444 196 528 182 5.32306 122
444 204 528 190 5.35784 122
444 52 512 12 5.13806 5194
444 212 520 200 5.43198 122
444 220 520 208 5.42965 122
444 228 520 222 5.41411 71
444 236 518 228 5.47244 71
444 60 510 22 5.19594 1303
444 244 516 240 5.47794 71
444 252 514 250 5.48856 71
444 260 514 260 5.4395 122
444 268 514 266 5.38326 122
444 68 510 30 5.31868 924
444 276 506 282 5.30284 160
444 284 508 288 5.27948 690
444 292 498 318 5.2179 248
444 300 498 326 5.23113 248
444 76 512 40 5.27903 924
444 84 514 52 5.34757 464
444 92 516 62 5.36731 924
444 100 526 80 5.39211 924
444 108 526 90 5.37818 924
28 140 106 136 4.37216 2574
28 148 74 132 4.31103 6794
28 164 114 152 4.53254 2790
28 44 22 46 4.73736 2755
28 196 114 184 4.56367 2131
28 204 114 192 4.69571 5575
28 212 110 202 4.69448 8235
28 220 108 208 4.86168 4330
28 252 20 254 4.68793 8211
28 4 54 12 4.5384 9411
28 260 18 262 4.70082 8211
28 268 6 276 4.66609 8211
28 276 6 286 4.58344 8211
28 76 82 88 4.69758 5588
28 340 46 364 4.75349 4165
28 108 66 94 4.68783 9912
452 132 526 110 5.35433 924
452 140 526 118 5.34512 924
452 36 534 6 5.0021 2702
452 148 530 130 5.24012 4969
452 156 530 136 5.37595 1448
452 164 530 146 5.38021 696
452 172 528 156 5.40595 696
452 52 526 16 5.19113 4969
452 228 528 218 5.4143 690
452 236 528 228 5.42625 690
452 60 522 24 5.25518 1448
452 244 526 238 5.39456 171
452 252 526 246 5.34288 171
452 260 522 260 5.40201 171
452 268 524 268 5.35461 171
452 68 522 32 5.37497 696
452 276 524 284 5.24078 1341
452 292 508 318 5.1209 248
452 300 506 326 5.05038 248
452 76 522 42 5.371 696
452 308 494 340 5.04518 369
452 84 524 54 5.35576 1448
452 340 494 364 4.99348 123
452 92 524 64 5.358 924
452 100 534 80 5.3182 924
452 108 534 88 5.39085 924
452 116 534 98 5.36241 1303
460 132 544 114 5.45137 979
460 140 544 122 5.4597 979
460 148 538 128 5.3372 979
460 156 538 138 5.48284 1391
460 164 538 146 5.4665 1391
460 172 544 156 5.50143 1391
460 180 542 164 5.44689 1391
460 188 540 174 5.19558 696
460 196 538 182 5.23766 2615
460 204 538 186 5.24597 2615
460 52 534 16 5.27285 3769
460 60 532 24 5.36413 1391
460 244 534 240 5.38492 171
460 252 532 250 5.40055 171
460 260 532 262 5.35821 346
460 268 530 270 5.31386 346
460 68 534 34 5.35201 979
460 276 530 280 5.21087 160
460 292 520 318 5.23035 647
460 300 518 326 5.24242 647
460 76 534 42 5.38859 1391
460 316 498 346 5.06675 369
460 332 504 366 5.01677 369
460 84 532 52 5.38808 1391
460 348 502 372 4.99324 123
460 92 534 62 5.29161 696
460 100 542 80 5.29853 464
460 108 542 88 5.32866 1303
460 116 542 98 5.44158 3769
460 124 544 106 5.4174 1391
116 140 198 122 4.94189 238
116 148 192 158 4.85114 1029
116 164 198 148 5.03823 70
116 172 200 158 5.33357 1500
116 180 200 168 5.3216 3484
116 196 200 184 5.41206 238
116 52 164 26 5.12753 4042
116 60 164 34 5.12572 4042
116 244 130 236 5.13719 10
116 252 126 250 5.05607 227
116 260 124 262 5.09852 227
116 268 98 278 5.1327 1655
116 68 164 46 5.04131 1233
116 276 96 288 5.17666 790
116 284 94 298 5.26706 187
116 76 166 54 5.034 4042
116 308 88 330 5.23959 187
116 316 90 342 5.22461 10
116 20 96 56 4.83403 463
116 84 166 62 5.01958 1233
116 100 188 84 5.07381 991
116 108 190 92 5.18262 1683
116 124 190 110 5.18125 238
468 132 552 114 5.49257 979
468 140 552 122 5.49333 979
468 156 546 138 5.50076 1391
468 164 550 148 5.41633 1391
468 172 554 156 5.50239 1391
468 44 550 22 5.13266 2702
468 180 554 164 5.50757 1391
468 188 554 172 5.4729 633
468 196 554 180 5.34917 2230
468 204 546 188 5.24782 533
468 52 540 16 5.27045 3769
468 212 546 198 5.21331 533
468 228 542 222 5.30517 1341
468 236 542 228 5.3799 1341
468 60 540 24 5.35176 1391
468 244 542 240 5.4183 171
468 252 542 250 5.37257 171
468 260 542 260 5.41402 122
468 68 542 34 5.37319 633
468 276 536 286 5.21168 690
468 284 534 296 5.25216 690
468 292 530 318 5.26055 248
468 300 526 326 5.2616 248
468 76 542 42 5.40256 633
468 308 528 334 5.02035 86
468 316 520 338 5.07655 1488
468 324 504 356 4.99004 369
468 332 502 364 5.01107 369
468 84 542 52 5.36827 1391
468 356 542 370 4.81874 3938
468 100 552 84 5.27629 314
468 108 550 90 5.3476 1303
468 116 550 96 5.42592 3769
468 124 552 104 5.42647 1391
476 36 558 12 5.13757 2702
476 148 558 130 5.36339 414
476 164 560 148 5.41862 633
476 204 560 190 5.31006 2034
476 52 548 14 5.16042 4969
476 212 558 198 5.2424 533
476 228 552 220 5.19412 71
476 236 552 228 5.36824 71
476 60 548 26 5.27536 1448
476 244 550 240 5.28721 122
476 252 550 250 5.30758 122
476 260 548 260 5.40064 122
476 268 550 270 5.42088 171
476 68 552 34 5.41748 414
476 276 546 286 5.28784 1341
476 284 550 290 5.27155 1341
476 292 538 318 5.26245 248
476 76 552 42 5.38093 414
476 316 516 354 5.03084 369
476 84 552 48 5.36934 1391
476 108 556 88 5.24843 45
476 28 558 2 4.96946 1234
476 116 554 96 5.17349 3769
484 140 562 118 5.60167 624
484 148 562 124 5.59844 624
484 164 562 142 5.58918 1131
484 172 562 154 5.49613 413
484 188 564 172 5.34607 1131
484 196 564 182 5.30736 1131
484 204 558 190 5.33598 383
484 52 560 14 5.07327 3769
484 212 564 196 5.35412 305
484 220 558 214 5.3385 120
484 228 560 220 5.41161 4176
484 236 560 228 5.42954 4176
484 60 562 26 5.29056 624
484 244 560 240 5.41146 122
484 252 560 250 5.40624 122
484 260 562 262 5.43313 122
484 268 560 274 5.40485 122
484 68 560 34 5.41825 413
484 276 562 280 5.30842 160
484 292 544 318 5.254 647
484 300 534 326 5.24141 1488
484 76 560 42 5.44708 413
484 316 542 346 5.02992 647
484 92 562 80 5.41213 1131
484 116 562 94 5.47602 2679
484 124 562 102 5.57208 624
492 140 574 114 5.581 624
492 36 570 6 4.90792 2212
492 148 570 126 5.5631 624
492 156 576 138 5.53447 1233
492 164 576 148 5.56215 463
492 172 576 156 5.63244 1782
492 44 566 2 4.97472 3985
492 180 576 164 5.62053 463
492 188 576 172 5.63491 463
492 196 570 182 5.56019 758
492 204 570 188 5.51995 758
492 52 570 12 5.07865 3769
492 212 572 198 5.49116 1130
492 220 574 206 5.43342 106
492 228 570 222 5.36093 4176
492 236 570 232 5.37079 120
492 60 570 22 5.26419 624
492 244 570 240 5.33478 122
492 252 568 250 5.3868 122
492 260 568 262 5.41015 122
492 268 570 274 5.41381 122
492 68 568 34 5.44082 413
492 276 570 280 5.25153 160
492 284 558 298 5.25573 690
492 292 562 318 5.18845 612
492 300 562 328 5.12182 612
492 76 570 44 5.43426 413
492 308 556 338 5.02888 612
492 332 618 364 4.7976 9337
492 92 572 62 5.38877 624
492 100 572 74 5.422 413
492 108 570 82 5.4244 1131
492 116 574 98 5.45068 4042
492 124 574 106 5.55151 624
124 132 198 118 5.32548 292
124 148 206 134 5.12705 517
124 164 206 150 5.24674 423
124 172 206 160 5.38903 1500
124 180 208 168 5.40994 1500
124 188 208 176 5.40843 292
124 196 208 184 5.44935 292
124 204 208 192 5.52434 292
124 52 168 28 5.04092 4042
124 212 208 200 5.4903 292
124 244 138 236 5.17966 227
124 252 140 250 5.12257 10
124 260 134 260 5.10395 227
124 268 104 278 5.09841 1863
124 276 106 288 5.13918 790
124 284 104 298 5.28077 187
124 292 102 310 5.26436 187
124 300 94 320 5.2903 187
124 76 172 52 5.02653 1233
124 316 96 344 5.18154 70
124 20 100 66 4.8591 463
124 324 90 352 5.15815 10
124 332 90 362 5.16979 10
124 84 172 60 4.99708 1233
124 340 86 362 5.17573 10
124 348 104 368 5.17299 70
124 92 194 78 4.98832 235
124 100 194 84 5.06255 991
124 108 196 92 5.15368 2402
124 28 98 72 4.85172 463
124 116 198 100 5.23981 3627
124 124 198 110 5.30108 292
500 132 584 114 5.70411 452
500 140 584 122 5.73153 1405
500 148 584 130 5.73116 1405
500 156 586 138 5.68292 359
500 164 584 148 5.70515 1405
500 172 584 156 5.6935 1405
500 44 578 2 5.11007 2019
500 180 586 164 5.71049 1405
500 188 584 172 5.70759 1405
500 196 584 182 5.70112 1405
500 204 584 190 5.70516 289
500 52 580 12 5.25255 2679
500 212 584 198 5.60503 974
500 220 580 208 5.50709 106
500 228 578 220 5.31876 4176
500 236 578 230 5.41934 120
500 60 578 22 5.30106 452
500 244 578 242 5.39109 122
500 252 580 252 5.43925 122
500 260 578 262 5.39774 122
500 268 578 274 5.43912 122
500 68 578 34 5.33392 359
500 276 578 280 5.23044 160
500 300 574 328 4.9844 397
500 76 578 40 5.2955 359
500 308 574 336 5.0169 397
500 316 574 344 4.99731 397
500 84 584 64 5.34677 1131
500 100 586 78 5.34537 359
500 108 584 82 5.36212 1405
500 116 584 98 5.59452 2843
500 124 584 106 5.72029 452
508 132 592 114 5.71344 137
508 140 592 122 5.73499 139
508 148 594 130 5.74824 139
508 156 594 138 5.6958 137
508 164 592 146 5.64631 885
508 44 594 4 5.19267 1616
508 180 592 164 5.73587 137
508 188 592 172 5.71192 137
508 196 592 182 5.72039 885
508 204 592 190 5.70623 33
508 52 588 12 5.22572 2679
508 212 592 198 5.54037 974
508 220 590 206 5.45549 803
508 228 588 218 5.38556 120
508 236 588 232 5.40425 120
508 60 588 22 5.40968 139
508 244 588 240 5.40174 120
508 252 588 252 5.42984 122
508 260 586 262 5.43801 122
508 268 588 274 5.4346 122
508 68 588 32 5.49541 137
508 276 590 282 5.2762 160
508 284 582 304 5.15283 113
508 292 584 318 5.22883 80
508 300 582 328 5.28111 80
508 76 590 40 5.46777 137
508 84 588 52 5.38584 139
508 92 590 60 5.39298 137
508 100 594 80 5.47066 137
508 108 596 90 5.47126 885
508 116 592 96 5.58033 2843
508 124 592 106 5.70747 452
1028 236 942 8 4.49378 39795
1028 292 1160 286 4.82104 17858
1028 340 1174 334 4.81267 15607
1036 268 982 246 4.72034 24420
1044 148 1130 112 4.44606 13164
1044 172 990 156 4.45249 26367
1044 308 966 292 4.70848 21156
1052 148 1138 112 4.42115 13164
1052 44 1006 18 4.33645 22335
1052 268 970 248 4.80877 24185
1052 332 1176 320 4.84993 17918
1052 364 1058 334 4.64211 19693
1068 340 1200 334 4.86714 17918
1076 188 1016 174 4.61843 26340
1076 308 1168 306 4.85871 18147
1076 332 1166 318 4.84379 17770
1084 148 1048 128 4.7708 22510
1084 172 1022 154 4.58472 26340
1084 180 1022 160 4.56791 26340
1084 308 1238 294 4.85144 15607
1092 140 1050 110 4.77744 26997
1092 148 1050 122 4.79749 26997
1092 204 1038 224 4.28855 29864
1092 68 1050 26 4.54378 35881
1092 276 964 254 4.77105 21275
1092 316 1032 306 4.80664 24248
1092 364 1118 326 4.77838 19123
1092 100 1054 84 4.77579 30201
1092 116 1046 106 4.74701 30201
1092 124 1058 98 4.72937 26997
1100 132 1064 106 4.74974 26997
1100 156 1056 140 4.7645 22335
1100 268 958 246 4.55352 24613
1100 292 1210 290 4.83874 17918
1100 84 1062 64 4.69516 34681
1100 356 908 358 4.72703 20403
1100 92 1062 82 4.74542 26997
1100 100 1066 88 4.74819 26997
1100 124 1064 98 4.71335 26997
1108 148 1066 126 4.79453 22335
1108 268 1238 282 4.598 19877
1108 276 1000 254 4.73888 26697
1108 84 1068 62 4.71994 34681
1108 100 1066 86 4.74486 30201
1116 132 1072 110 4.70844 23223
1116 140 1072 120 4.78597 22335
1116 148 1070 130 4.77627 22335
1116 236 966 214 4.36043 22188
1116 252 964 234 4.33162 20991
1116 100 1072 98 4.65843 25754
1124 276 1214 278 4.79839 19007
1124 356 936 360 4.69207 27082
1132 324 1222 312 4.8484 17492
1140 228 1066 220 4.42154 20607
1140 284 1194 278 4.80757 17964
1148 60 1096 48 4.61403 35256
1148 348 970 336 4.71846 20273
1156 340 976 328 4.74998 20273
1164 348 984 332 4.72336 20273
1180 172 914 158 4.70138 26831
1180 228 1046 218 4.45564 19408
1188 172 930 156 4.69628 36964
1196 60 934 50 4.49283 34445
1204 172 944 158 4.8745 36865
1204 228 1062 218 4.52344 19408
1204 252 962 224 4.39936 18977
1204 284 1214 286 4.82865 28631
1204 332 1024 290 4.81762 23903
1204 340 1022 298 4.81157 23903
1212 252 968 222 4.37881 18977
1212 284 1026 260 4.81 26879
1212 308 1030 286 4.83802 25907
1220 172 958 158 4.95677 22242
1220 196 966 182 4.79226 24683
1220 316 1036 292 4.82793 25907
1220 340 1186 322 4.84796 23279
1220 348 976 338 4.7474 22216
1220 364 1010 350 4.75912 25724
1228 172 972 156 4.83553 36865
1228 284 1226 286 4.78232 23636
1228 300 1198 284 4.86468 23279
1228 308 1198 294 4.84001 23279
1228 356 1198 340 4.8549 23279
1236 196 976 182 4.85744 24683
1236 52 976 38 4.64712 22242
1236 292 1040 268 4.84417 23903
