516 132 612 128 5.41764 277
516 148 610 144 5.52323 1067
516 156 612 154 5.56172 448
516 164 612 162 5.59817 448
516 172 612 170 5.57766 448
516 44 618 30 5.02004 1257
516 180 610 180 5.55796 448
516 188 610 188 5.46216 4155
516 52 610 40 5.2145 1848
516 252 574 266 5.06618 148
516 68 612 54 5.35251 808
516 292 554 314 5.05392 164
516 76 612 66 5.45047 2280
516 316 586 372 4.81041 648
516 332 562 370 4.66501 1316
516 84 612 78 5.4196 2280
516 92 610 90 5.3379 448
516 108 610 100 5.38109 448
516 28 614 10 4.95634 1623
516 116 610 110 5.37048 808
516 124 612 118 5.43991 277
524 132 620 128 5.41684 277
524 140 620 136 5.42574 448
524 148 618 144 5.45157 1067
524 156 620 154 5.53384 277
524 164 620 162 5.52864 277
524 172 620 168 5.45928 1067
524 180 618 182 5.31542 277
524 188 616 186 5.06885 2540
524 228 616 250 4.90695 205
524 68 620 58 5.31446 808
524 292 562 312 5.02273 164
524 76 620 68 5.45311 2280
524 20 620 10 4.95259 1779
524 84 620 76 5.44708 2280
524 92 620 82 5.33357 808
524 108 620 94 5.32413 1002
524 116 618 102 5.36922 1002
524 124 618 118 5.41409 277
132 36 174 20 4.99873 319
132 148 218 146 4.92422 243
132 156 214 158 5.01389 63
132 164 214 166 5.05145 23
132 172 218 170 5.02905 23
132 196 198 198 4.91917 23
132 204 210 202 5.15195 4153
132 52 176 34 5.11935 369
132 60 178 42 5.10674 369
132 68 182 48 5.05449 355
132 292 78 336 4.46278 13022
132 300 42 356 4.40741 36093
132 76 182 56 5.01393 286
132 20 182 2 4.80633 243
132 324 190 362 4.51965 2065
132 84 180 68 5.04774 319
132 100 222 80 5.03387 1934
532 132 628 124 5.46775 1067
532 140 628 134 5.48347 277
532 148 630 144 5.50486 1067
532 156 628 154 5.47645 277
532 164 628 162 5.526 277
532 44 612 22 5.03513 6094
532 52 632 34 5.21892 1848
532 220 616 224 4.83663 221
532 228 598 238 4.83899 134
532 4 638 10 4.93208 1
532 68 628 60 5.37856 808
532 292 576 318 4.92408 164
532 76 630 66 5.2904 3006
532 84 628 76 5.42782 1067
532 364 512 372 4.59506 6848
532 92 628 84 5.3782 1067
532 100 630 94 5.36872 277
532 28 632 22 5.03789 2096
532 116 628 110 5.40124 1067
532 124 628 116 5.37954 277
540 132 638 122 5.49056 1067
540 140 638 132 5.47339 1067
540 148 634 144 5.48604 1067
540 156 638 152 5.49041 277
540 164 638 162 5.52578 1130
540 172 638 170 5.53024 1130
540 44 644 48 5.10811 2988
540 180 638 178 5.47626 448
540 60 642 46 5.2368 676
540 68 638 58 5.30512 808
540 76 638 66 5.30139 2280
540 84 638 76 5.43121 808
540 364 566 346 4.681 4878
540 92 636 86 5.44176 448
540 100 638 94 5.42168 448
540 108 638 102 5.44263 928
540 116 638 110 5.45871 1130
540 124 638 116 5.38285 448
548 132 646 126 5.45314 277
548 140 646 134 5.46062 1130
548 36 650 14 5.13809 1907
548 148 646 144 5.41675 1067
548 156 646 154 5.53391 277
548 164 646 162 5.55007 1067
548 172 646 170 5.53853 1067
548 180 646 180 5.52645 277
548 188 646 188 5.37275 2540
548 52 646 26 5.24101 1848
548 212 662 216 4.67691 4142
548 236 654 262 4.74759 134
548 60 648 38 5.2111 1848
548 68 646 58 5.27346 808
548 292 662 352 4.84958 788
548 76 646 64 5.31921 808
548 316 602 372 4.72675 648
548 20 654 0 4.96207 1779
548 84 646 76 5.41736 808
548 92 646 84 5.44092 448
548 100 646 94 5.44297 448
548 108 646 102 5.44517 928
548 116 646 110 5.48163 1067
548 124 646 118 5.46785 277
556 132 656 128 5.43221 277
556 140 654 136 5.35256 1067
556 36 656 14 5.17933 1907
556 148 654 146 5.48251 1067
556 156 654 154 5.54115 277
556 164 654 162 5.55216 1067
556 172 654 170 5.52323 1067
556 44 654 20 5.15694 1907
556 180 654 180 5.48832 277
556 188 654 188 5.3977 2540
556 196 654 196 5.32474 3006
556 52 658 30 5.21961 1848
556 212 664 216 5.02572 3283
556 236 662 254 4.90717 103
556 60 658 36 5.24048 1848
556 244 662 262 4.92473 103
556 252 662 274 4.81147 10
556 260 700 302 4.93418 682
556 276 690 318 4.92909 117
556 284 686 328 4.86147 117
556 292 678 336 4.88661 117
556 76 656 70 5.2674 2280
556 316 714 372 4.7129 2074
556 324 636 344 4.59713 2480
556 84 658 78 5.3183 1067
556 92 658 84 5.313 277
556 100 658 94 5.29932 277
556 108 656 102 5.37696 1002
556 116 656 110 5.40019 1067
556 124 654 120 5.43581 277
140 132 218 130 5.05864 181
140 140 220 138 4.83791 147
140 36 190 14 4.95507 470
140 148 226 146 5.07345 147
140 156 226 154 5.27911 181
140 164 226 162 5.36557 147
140 172 226 170 5.37882 154
140 44 182 26 5.10657 470
140 180 226 178 5.38437 147
140 188 226 186 5.36581 147
140 52 184 34 5.11981 470
140 220 220 220 5.39226 4755
140 60 186 42 5.08555 369
140 68 186 48 5.05208 355
140 292 84 338 4.43582 13022
140 300 50 356 4.38015 36093
140 76 186 60 5.03477 319
140 332 198 368 4.57265 2065
140 84 190 70 5.10436 470
140 92 188 78 4.98319 369
140 100 214 88 4.97814 3336
140 108 218 102 4.98674 4755
140 28 182 12 4.98276 319
140 116 222 114 5.01415 6084
140 124 222 120 5.07588 181
564 132 670 132 5.4351 2260
564 140 670 142 5.44569 2260
564 156 670 158 5.27912 2540
564 164 658 162 5.19687 493
564 172 666 174 5.21009 493
564 188 662 188 5.24506 3006
564 196 666 198 5.308 2280
564 204 668 208 5.18799 2488
564 52 668 22 5.2606 1848
564 212 672 222 5.11244 2803
564 220 672 234 5.17189 2803
564 228 670 246 5.0927 56
564 236 670 256 5.07786 56
564 60 668 30 5.25585 1848
564 244 670 264 5.072 56
564 252 672 276 4.98339 1
564 260 710 302 4.95346 682
564 268 710 314 4.90773 682
564 68 668 38 5.32448 1848
564 276 698 320 4.90129 117
564 292 686 336 4.91397 117
564 300 704 360 4.86354 648
564 76 668 46 5.3243 1848
564 308 618 336 4.86266 531
564 316 720 372 4.74432 2074
564 84 668 58 5.26624 2482
564 92 668 82 5.29578 1931
564 100 668 98 5.36149 3162
564 116 668 110 5.4206 2260
564 124 670 120 5.395 2260
572 140 678 142 5.39696 2260
572 36 678 18 5.13029 1907
572 148 678 152 5.29896 277
572 164 678 166 5.28641 2289
572 172 676 172 5.37654 2246
572 180 678 180 5.44449 2289
572 188 678 188 5.43345 2246
572 196 676 198 5.46247 2246
572 204 676 206 5.23612 2725
572 52 678 24 5.22476 1848
572 212 686 216 5.08415 3852
572 220 682 232 5.136 2803
572 228 682 244 5.08042 56
572 236 682 256 5.04755 56
572 60 676 32 5.28976 1848
572 244 682 266 5.05443 56
572 252 682 276 4.95746 1
572 260 716 302 4.90984 682
572 68 676 42 5.33092 1848
572 276 706 322 4.94048 117
572 284 710 332 4.96825 682
572 300 704 336 4.94321 117
572 76 676 50 5.30764 1848
572 308 626 342 4.78147 2146
572 84 676 60 5.22239 2482
572 92 674 84 5.32541 2096
572 100 674 94 5.39192 2988
572 108 674 102 5.39384 2988
572 116 674 110 5.37429 2988
572 124 674 122 5.39708 2988
36 148 130 146 4.5841 6871
36 156 130 152 4.48379 2080
36 188 130 186 4.82952 5794
36 196 130 194 4.80873 5794
36 204 126 202 4.90108 5794
36 52 86 44 4.69636 735
36 212 126 210 4.9313 5794
36 220 126 218 4.96254 5794
36 228 128 226 4.91256 5794
36 236 48 240 4.66618 6186
36 60 14 30 4.71761 853
36 244 50 250 4.63251 2763
36 4 76 6 4.58265 635
36 268 44 292 4.51932 1693
36 276 84 306 4.51928 3608
36 292 38 302 4.50531 3709
36 300 26 308 4.48612 2523
36 308 26 328 4.50493 4888
36 316 26 342 4.42614 7077
36 20 56 0 4.62111 6030
36 332 48 364 4.51932 8117
36 84 70 38 4.70213 5962
36 92 66 88 4.61516 6252
36 124 54 112 4.49754 8299
580 132 680 128 5.58844 1551
580 140 680 136 5.57758 1551
580 36 692 14 5.11583 1741
580 148 680 144 5.58104 1551
580 156 680 154 5.59171 1551
580 164 680 162 5.55079 1551
580 172 680 172 5.55398 1551
580 44 692 18 5.07223 1741
580 180 682 180 5.50912 1733
580 188 682 188 5.5752 1733
580 196 684 198 5.54807 1934
580 204 684 206 5.48456 2292
580 52 684 38 5.15797 2260
580 212 690 216 5.23283 2975
580 220 692 226 5.06288 3852
580 228 692 242 5.03348 2708
580 60 682 50 5.18619 2260
580 244 694 266 4.92282 1
580 252 692 278 5.01528 10
580 268 698 304 4.92173 788
580 276 698 318 4.91864 788
580 284 714 330 4.94549 117
580 292 702 336 4.89251 96
580 300 714 336 4.93052 117
580 76 680 74 5.16448 3051
580 92 680 86 5.52836 1727
580 100 680 94 5.58982 1741
580 108 680 102 5.58923 1741
580 28 686 6 4.88112 2160
580 116 680 110 5.58799 1551
580 124 680 120 5.58072 1551
588 132 688 128 5.6072 1551
588 140 688 136 5.55506 1551
588 36 702 14 5.03846 1741
588 148 688 146 5.55059 1551
588 156 688 154 5.5594 1551
588 164 690 162 5.56736 1551
588 172 690 170 5.54705 1551
588 44 702 20 5.12394 1741
588 180 690 180 5.55623 1733
588 188 692 188 5.57716 1733
588 196 690 198 5.47197 1934
588 204 694 208 5.43204 2292
588 220 706 226 5.1362 2270
588 228 706 250 5.01372 56
588 236 704 256 4.99057 56
588 60 692 46 5.17682 2260
588 244 704 266 4.97195 1
588 252 704 278 5.02368 1
588 260 706 294 4.94947 788
588 268 706 304 4.97857 788
588 68 686 58 5.24095 1733
588 76 688 68 5.30044 2246
588 84 690 78 5.32487 2738
588 92 688 86 5.51914 1727
588 100 688 94 5.60236 1741
588 108 688 102 5.60888 1741
588 116 688 110 5.6062 1551
588 124 688 120 5.61431 1551
148 140 234 136 5.15757 39
148 36 196 14 5.02806 369
148 148 234 144 5.07731 62
148 164 234 162 5.29786 147
148 172 234 170 5.34252 154
148 44 192 24 5.07304 470
148 180 234 178 5.35324 147
148 188 234 186 5.37072 147
148 196 234 194 5.33404 154
148 204 228 198 5.32249 4053
148 52 194 32 5.12227 470
148 212 222 212 5.35967 5034
148 220 224 220 5.46769 5034
148 228 226 228 5.54159 5034
148 236 226 236 5.54143 5034
148 60 230 52 5.07727 628
148 252 210 250 5.08008 39
148 260 138 286 4.79441 713
148 68 230 58 5.02811 628
148 300 58 356 4.29835 40146
148 76 234 66 5.10824 2189
148 356 134 360 4.44959 3953
148 364 138 362 4.46162 3953
148 92 234 78 5.12509 1989
148 100 222 90 5.09755 3781
148 108 224 102 5.04782 3781
148 116 228 112 5.23577 5034
148 124 228 120 5.32626 62
596 132 696 128 5.50167 1551
596 140 698 136 5.48947 1551
596 156 696 154 5.46373 545
596 164 698 162 5.55112 1551
596 172 702 170 5.57039 545
596 44 708 10 5.11549 2158
596 204 702 208 5.39829 2292
596 52 696 38 5.19524 1551
596 212 712 214 5.05383 3852
596 220 714 226 4.96382 3852
596 228 714 252 4.94174 10
596 236 718 258 4.9551 10
596 60 710 30 5.2422 1950
596 244 714 266 4.83114 10
596 252 714 274 4.90415 10
596 260 714 290 4.84632 112
596 268 718 306 4.89565 682
596 76 698 68 5.33586 3051
596 84 698 76 5.48916 2738
596 356 634 372 4.5833 3056
596 92 698 86 5.50159 1727
596 100 698 94 5.5687 1741
596 108 698 102 5.58841 1741
596 116 698 112 5.60893 1551
596 124 696 120 5.60976 1551
604 132 706 128 5.60781 2418
604 140 706 136 5.61297 2418
604 36 722 14 4.98412 2988
604 148 706 144 5.57465 1276
604 156 706 154 5.50009 2418
604 164 706 162 5.55873 2418
604 172 710 170 5.5831 1276
604 44 716 14 5.10843 2158
604 180 710 180 5.60029 1733
604 188 710 188 5.5933 1733
604 196 710 198 5.56463 2246
604 204 710 208 5.38722 2725
604 52 718 22 5.31895 2418
604 212 718 216 4.97071 3529
604 220 722 232 4.94825 131
604 228 728 252 4.8153 10
604 236 728 258 4.89897 131
604 60 718 32 5.32144 2418
604 244 728 270 4.89987 134
604 252 726 280 4.81916 134
604 260 730 294 4.90242 788
604 268 726 306 4.87465 788
604 68 716 42 5.42568 2289
604 292 728 338 4.91028 899
604 76 716 54 5.41829 2289
604 84 706 76 5.47346 2738
604 356 646 372 4.56079 3056
604 92 706 84 5.51923 1727
604 100 706 94 5.5927 1741
604 108 706 102 5.59757 1741
604 116 706 110 5.62056 1551
604 124 706 120 5.61572 1551
612 132 714 128 5.60202 2418
612 140 714 136 5.59614 2418
612 148 714 146 5.58642 1551
612 156 714 154 5.6052 1551
612 164 720 162 5.61435 1551
612 172 718 170 5.60205 1551
612 180 718 180 5.61217 1733
612 188 718 188 5.58625 1733
612 196 718 198 5.5678 1934
612 204 718 206 5.47119 2292
612 52 726 22 5.22078 2418
612 228 736 252 4.83544 10
612 244 742 270 4.90722 16
612 252 744 278 4.80797 16
612 260 742 294 4.84271 682
612 268 734 306 4.88658 99
612 68 726 42 5.42584 2289
612 300 738 348 4.89311 899
612 76 724 54 5.42346 2289
612 308 734 354 4.91062 788
612 84 724 64 5.37575 2289
612 92 724 74 5.34088 2289
612 100 714 94 5.55847 2988
612 108 714 102 5.57703 1002
612 116 714 110 5.5802 2418
612 124 714 120 5.59057 2418
620 132 724 128 5.59923 2418
620 140 724 136 5.59858 2418
620 148 724 146 5.58255 1551
620 156 724 154 5.6086 1551
620 172 728 170 5.59664 1551
620 44 736 14 5.32 928
620 180 728 180 5.6209 1733
620 188 728 188 5.61365 1733
620 196 726 198 5.57995 1934
620 204 724 206 5.51417 2292
620 52 736 22 5.32262 1130
620 212 748 214 4.86638 10
620 236 752 262 4.84146 43
620 60 734 32 5.34877 1130
620 244 754 272 4.90851 16
620 252 754 280 4.94024 16
620 260 750 294 4.78957 43
620 268 752 310 4.82743 648
620 68 738 42 5.38155 1733
620 76 736 52 5.36868 1733
620 308 742 352 4.9762 682
620 316 740 362 4.95953 682
620 84 736 64 5.30478 2289
620 92 736 72 5.33543 2289
620 100 724 94 5.55371 3162
620 108 724 102 5.57668 2419
620 116 724 110 5.5831 2418
620 124 724 120 5.57676 2418
156 132 236 128 5.30752 62
156 148 236 152 5.10542 152
156 164 240 166 5.16173 39
156 44 204 22 5.10676 355
156 52 206 34 5.05214 355
156 212 234 212 5.40413 5034
156 220 232 220 5.45443 5034
156 228 234 228 5.53417 5034
156 60 238 54 5.04026 628
156 260 146 284 4.79134 4102
156 268 134 286 4.80555 2994
156 68 242 60 5.00412 628
156 276 134 294 4.77745 2994
156 292 142 332 4.47117 1826
156 308 150 342 4.48613 713
156 324 168 364 4.53328 1826
156 84 240 70 5.10928 1989
156 348 142 354 4.33291 3953
156 364 146 364 4.35575 3953
156 92 236 86 5.208 3618
156 100 234 94 5.27284 4560
156 108 234 102 5.26014 4759
156 116 234 110 5.29269 5974
156 124 236 118 5.32113 62
628 132 732 128 5.59551 2418
628 140 732 136 5.61209 2418
628 148 732 144 5.56456 2418
628 156 732 154 5.59823 2418
628 164 736 162 5.57016 1551
628 172 736 170 5.57506 1551
628 44 746 14 5.30986 928
628 180 736 180 5.56047 1276
628 188 738 190 5.54049 2289
628 196 736 198 5.5679 2246
628 204 738 206 5.47078 2725
628 52 746 24 5.43031 1067
628 212 732 222 5.21095 2975
628 220 756 226 4.94255 2803
628 236 768 254 4.93361 16
628 60 746 32 5.44225 277
628 244 768 272 4.89042 16
628 252 768 284 4.78236 43
628 260 770 290 4.80259 43
628 68 746 42 5.41451 277
628 276 768 322 4.80547 194
628 292 746 342 4.9814 682
628 76 750 48 5.34217 1067
628 308 746 354 4.92925 682
628 316 748 362 4.96542 682
628 84 748 64 5.32395 1067
628 92 744 72 5.34589 2289
628 100 734 92 5.40856 2988
628 108 732 102 5.58001 2419
628 116 732 110 5.60167 2418
628 124 732 118 5.56514 2418
636 132 738 128 5.34337 1551
636 140 742 136 5.52785 545
636 36 756 6 4.88574 1289
636 148 742 144 5.50539 545
636 156 746 150 5.39894 545
636 164 746 162 5.54876 1551
636 172 746 172 5.53735 1551
636 44 756 14 5.16725 1002
636 180 746 180 5.53489 1733
636 188 746 190 5.5438 1733
636 196 746 198 5.41885 1934
636 204 744 206 5.45094 2292
636 212 738 222 5.19037 2975
636 220 752 222 4.98605 2270
636 228 778 250 4.93995 16
636 236 778 258 4.84571 16
636 60 754 30 5.41688 277
636 244 776 272 4.88824 16
636 252 776 282 4.92487 16
636 260 776 292 4.82096 43
636 268 786 318 4.80836 99
636 68 756 42 5.46284 1240
636 276 786 326 4.88276 99
636 300 768 352 4.91948 1516
636 76 756 50 5.44845 1240
636 308 752 358 4.91495 682
636 316 752 366 4.9412 682
636 84 758 60 5.45446 493
636 92 754 70 5.22988 1067
636 100 740 92 5.34872 1741
636 108 742 100 5.31571 1741
636 116 742 112 5.34327 1551
636 124 740 120 5.41762 1551
644 132 770 122 5.2776 1551
644 140 770 128 5.3149 1551
644 156 770 146 5.18178 1741
644 164 762 162 5.20549 1950
644 172 762 168 5.14648 1950
644 180 764 180 5.11305 277
644 196 766 200 5.19297 2229
644 204 766 208 5.17967 2229
644 52 766 22 5.49537 1551
644 228 790 250 4.73705 13
644 60 766 32 5.42059 545
644 244 798 276 4.74998 43
644 252 786 282 4.74067 10
644 260 786 294 4.71893 17
644 268 794 316 4.80106 99
644 68 770 40 5.57538 1551
644 276 794 326 4.90965 99
644 284 790 336 4.81145 1516
644 292 778 346 4.91062 1516
644 300 776 352 4.92517 1516
644 76 768 50 5.53869 1551
644 308 760 360 4.95017 682
644 84 766 62 5.555 1551
644 92 766 70 5.54467 1551
644 100 768 78 5.30765 1551
644 108 770 90 5.3682 1551
644 124 770 110 5.30262 894
652 140 778 126 5.37622 1130
652 36 782 0 5.15599 1741
652 148 782 140 5.35173 1130
652 156 782 150 5.3224 1130
652 164 782 160 5.31506 448
652 172 778 170 5.32831 448
652 44 774 10 5.34279 1490
652 180 778 180 5.32897 448
652 188 778 190 5.2787 1849
652 196 778 200 5.33953 1849
652 204 776 210 5.37062 1849
652 52 776 22 5.48985 1551
652 212 780 226 5.08183 3110
652 228 782 238 4.90896 2708
652 236 802 260 4.94622 10
652 60 778 30 5.52329 545
652 244 804 274 4.80329 43
652 252 804 284 4.77834 40
652 268 810 300 4.78916 148
652 68 778 40 5.57954 1551
652 276 800 326 4.81134 185
652 284 790 332 4.78199 788
652 76 778 50 5.56787 1551
652 316 770 364 4.93958 788
652 84 778 60 5.56163 1551
652 92 778 68 5.5385 1551
652 100 778 80 5.45277 3098
652 108 778 90 5.45596 3098
652 116 776 98 5.41374 545
652 124 778 106 5.3792 808
164 140 244 136 5.5562 42
164 148 244 144 5.54942 42
164 156 244 154 5.54527 42
164 172 244 170 5.411 42
164 44 214 24 5.04222 470
164 180 244 176 5.45918 15
164 196 244 198 5.49448 42
164 204 244 202 5.48262 69
164 52 212 32 5.09341 470
164 212 244 212 5.59646 4723
164 220 244 220 5.60129 4723
164 60 210 42 5.02488 470
164 244 216 250 5.49803 186
164 252 214 260 5.48896 186
164 260 152 284 4.83373 4102
164 268 150 290 4.86299 2251
164 68 210 50 4.99273 470
164 276 150 298 4.85862 2251
164 292 142 308 4.67872 3968
164 300 140 314 4.67952 3968
164 76 208 58 5.02812 40
164 308 144 330 4.43104 2234
164 20 202 4 5.12476 40
164 84 244 74 5.06143 1955
164 348 154 350 4.38443 3953
164 356 152 362 4.44082 3953
164 364 150 368 4.39306 4273
164 92 242 86 5.29325 2538
164 100 242 94 5.28766 3378
164 108 244 102 5.35881 3656
164 28 204 10 5.1274 40
164 116 244 110 5.39935 4723
164 124 244 120 5.4271 69
660 132 788 120 5.45061 1551
660 140 788 128 5.43931 1551
660 36 794 0 5.19341 1741
660 148 788 140 5.42543 1741
660 156 788 148 5.43583 1741
660 164 788 160 5.4108 1551
660 172 788 170 5.39533 1551
660 44 788 12 5.39687 1002
660 180 790 180 5.3589 448
660 188 790 190 5.3442 1849
660 196 786 200 5.32656 1849
660 52 788 20 5.51081 1551
660 212 790 226 5.2207 2803
660 228 790 238 5.07917 2512
660 236 810 262 4.86793 10
660 60 786 30 5.5266 1551
660 244 810 266 4.82813 10
660 252 810 284 4.77529 43
660 260 812 294 4.81022 43
660 268 806 312 4.70256 1516
660 68 794 38 5.551 1551
660 292 788 346 4.79028 1516
660 76 792 48 5.55695 1551
660 308 784 360 4.89911 788
660 316 786 368 4.88964 788
660 84 790 60 5.49558 1551
660 92 788 68 5.44874 3098
660 100 788 80 5.51795 1551
660 108 788 88 5.52841 1551
660 116 788 100 5.52195 277
660 124 788 106 5.45497 894
668 132 798 118 5.44875 1551
668 140 798 130 5.45066 1551
668 36 800 0 5.04148 1741
668 148 798 142 5.40276 1741
668 156 798 150 5.4119 1741
668 164 798 158 5.40399 1551
668 172 798 170 5.40068 1551
668 44 798 10 5.38099 1002
668 188 798 190 5.33676 1297
668 196 798 198 5.34837 1849
668 204 800 210 5.38519 1849
668 52 796 20 5.50414 1551
668 212 800 222 5.30798 2161
668 220 800 230 5.27032 3110
668 228 802 242 5.11412 2708
668 60 796 30 5.50767 1551
668 252 816 282 4.80487 10
668 260 820 294 4.70558 43
668 68 800 38 5.57732 1551
668 284 808 334 4.7197 185
668 76 800 48 5.53969 1551
668 308 790 358 4.89318 788
668 316 792 366 4.88036 788
668 84 800 58 5.50354 545
668 92 800 68 5.43537 1551
668 100 796 78 5.44248 1551
668 108 798 90 5.50781 1551
668 116 798 98 5.50905 277
668 124 798 110 5.44535 894
676 132 806 118 5.30556 1130
676 140 804 128 5.25944 1130
676 36 808 0 5.3051 1741
676 156 806 150 5.17808 448
676 164 808 158 5.25283 1130
676 172 808 168 5.30299 448
676 44 806 10 5.40405 1002
676 180 810 176 5.2894 448
676 196 806 198 5.3915 1849
676 204 808 210 5.38698 1849
676 52 810 18 5.48553 1551
676 220 808 230 5.26785 3110
676 60 814 28 5.52563 545
676 244 822 270 4.70883 10
676 252 824 282 4.82366 10
676 68 808 38 5.56007 1551
676 76 810 48 5.53715 1551
676 84 808 60 5.52239 1551
676 92 808 70 5.55129 1551
676 100 810 80 5.57722 1551
676 108 808 90 5.59156 1551
676 116 810 98 5.40352 545
676 124 808 110 5.28868 808
684 140 818 122 5.15963 1067
684 36 818 0 5.29212 1741
684 148 816 146 5.0797 1067
684 156 818 152 5.10362 277
684 164 814 160 5.12128 1067
684 172 818 170 5.10603 277
684 44 810 10 5.43315 1002
684 180 816 176 5.15409 277
684 196 818 198 5.35542 1297
684 204 818 210 5.29233 1297
684 212 820 222 5.2095 1919
684 220 820 230 5.07988 2803
684 228 814 238 4.66696 2512
684 60 826 26 5.52864 545
684 260 822 302 4.63977 899
684 268 818 314 4.62642 899
684 68 826 36 5.55214 545
684 76 818 48 5.54386 1551
684 84 822 58 5.50504 545
684 92 818 70 5.54063 1551
684 100 818 80 5.57752 1551
684 108 818 90 5.59578 1551
684 116 816 98 5.34612 545
684 124 816 108 5.20117 894
172 132 260 128 5.4301 11
172 140 250 134 5.49587 42
172 36 236 6 5.02667 445
172 148 252 144 5.55926 42
172 156 252 152 5.5101 42
172 164 252 162 5.53332 42
172 180 252 174 5.49361 15
172 188 252 194 5.51545 42
172 212 252 212 5.6181 4723
172 220 252 220 5.6438 17
172 60 222 38 5.00584 40
172 244 224 250 5.51814 186
172 68 216 50 4.96192 40
172 284 142 296 4.74354 3968
172 300 148 314 4.77464 3968
172 76 248 62 4.98233 1671
172 20 212 2 5.11895 40
172 84 250 78 5.07934 1955
172 356 162 360 4.461 3953
172 92 250 86 5.29014 2538
172 100 248 92 5.24904 2538
172 108 252 104 5.31781 2708
172 28 210 12 5.11041 40
172 116 250 112 5.39616 4723
172 124 250 120 5.39113 69
692 132 830 114 5.32148 1933
692 140 830 120 5.26486 1551
692 36 830 0 5.20075 1741
692 148 832 144 5.17706 1741
692 156 830 154 5.12584 1741
692 172 830 166 4.99142 1551
692 188 816 166 4.94971 2031
692 196 822 200 4.693 1732
692 204 832 214 4.75367 653
692 52 826 18 5.46919 1551
692 212 834 224 4.85069 2270
692 244 834 290 4.34653 194
692 260 826 302 4.61291 899
692 268 830 310 4.66 899
692 68 832 36 5.54202 1551
692 276 842 316 4.53733 400
692 300 830 360 4.4994 899
692 76 834 46 5.54838 1551
692 84 832 58 5.53956 545
692 92 834 68 5.51223 1551
692 100 834 78 5.50937 1551
692 108 830 90 5.5168 1551
692 116 830 98 5.33739 545
692 124 830 106 5.32342 894
700 132 840 116 5.3111 1933
700 140 838 122 5.30133 1551
700 36 836 0 5.16061 1741
700 148 840 146 5.18541 1741
700 156 840 154 5.14744 1741
700 164 844 164 5.09221 4500
700 172 840 170 4.94168 1551
700 44 830 10 5.27953 1490
700 204 830 198 4.69558 3441
700 52 836 18 5.40647 1551
700 212 840 222 4.66556 2270
700 220 842 234 4.71665 2270
700 60 838 28 5.51076 545
700 268 852 306 4.42953 194
700 68 840 36 5.56403 1551
700 276 842 328 4.42344 842
700 300 834 358 4.29784 842
700 76 842 46 5.55708 1551
700 84 842 58 5.51775 545
700 92 842 68 5.47984 1551
700 100 844 78 5.43945 3098
700 108 842 88 5.51095 1551
700 116 838 98 5.29225 545
700 124 840 110 5.34622 894
44 140 138 138 4.46202 5794
44 148 136 144 4.55364 5794
44 172 130 166 4.56938 5178
44 180 138 178 4.65783 7382
44 12 38 18 4.65193 853
44 204 136 202 4.87426 5794
44 212 138 210 4.93821 5794
44 228 138 226 4.90003 5794
44 68 82 56 4.72973 6030
44 284 70 336 4.44302 1683
44 300 32 318 4.50345 4888
44 76 28 50 4.74233 7242
44 308 56 324 4.47542 3709
44 20 38 26 4.65815 853
44 332 32 364 4.58759 7077
44 108 138 110 4.63468 5178
44 116 136 114 4.66558 5178
708 156 852 152 5.08689 5513
708 164 850 164 5.15583 4500
708 172 848 172 4.95478 3441
708 44 834 14 5.19122 2519
708 180 846 180 4.81003 1314
708 188 840 186 4.82008 1944
708 196 842 192 4.69982 3550
708 52 850 16 5.34563 3098
708 212 830 210 4.54072 3551
708 60 854 26 5.45203 1314
708 260 850 320 4.31138 1944
708 68 858 34 5.43228 1314
708 292 850 340 4.35182 562
708 300 822 354 4.14517 3653
708 76 850 48 5.39036 1314
708 316 662 322 4.3191 19169
708 84 852 58 5.46481 3098
708 92 852 68 5.49626 3098
708 100 852 78 5.48539 3098
708 108 852 88 5.48098 3098
708 124 850 110 5.28839 3540
716 132 864 112 5.32063 5268
716 148 862 128 5.24236 2780
716 164 862 160 5.19559 5423
716 44 848 6 4.8873 3633
716 180 850 178 4.67972 1720
716 52 862 16 4.95799 4801
716 60 868 24 5.30791 2780
716 260 634 272 4.2413 12429
716 68 866 34 5.31359 2780
716 292 856 346 4.27276 975
716 76 866 46 5.31972 2780
716 308 670 312 4.32972 19169
716 84 866 56 5.29618 4518
716 356 770 342 4.48798 6160
716 92 866 66 5.35689 2780
716 100 870 74 5.33604 2780
716 108 864 88 5.37142 2780
716 116 862 96 5.3729 2780
180 140 266 136 5.57215 4
180 36 226 10 5.02292 149
180 148 268 144 5.65069 2
180 156 268 154 5.71637 4
180 164 268 162 5.69034 4
180 172 266 172 5.6851 1
180 44 234 26 5.05082 1
180 180 268 180 5.67397 1
180 188 268 186 5.68949 4
180 196 266 192 5.64688 4
180 204 268 204 5.60098 12
180 212 268 212 5.62609 12
180 220 258 220 5.7779 12
180 236 246 238 5.85541 4
180 252 246 246 5.86986 4
180 260 246 254 5.86986 4
180 268 212 286 5.15101 9353
180 68 260 58 4.99424 1211
180 76 260 66 5.07277 1278
180 84 262 74 4.99046 1849
180 92 258 86 5.23693 1919
180 100 258 94 5.22915 2803
180 108 260 102 5.37643 2512
180 28 228 4 5.02022 149
180 116 262 110 5.41071 2512
180 124 266 118 5.40035 12
724 132 874 110 5.3102 5268
724 140 874 120 5.29919 5268
724 148 870 130 5.23294 2780
724 156 870 154 5.23643 5423
724 164 874 160 5.2376 5423
724 172 878 168 5.20813 5268
724 180 882 180 4.99069 2977
724 52 874 16 4.80378 5268
724 60 878 26 5.23567 2780
724 268 862 316 4.23755 1424
724 68 876 34 5.29182 2780
724 276 858 322 4.2566 1424
724 76 878 46 5.27715 2780
724 92 878 62 5.32804 2780
724 100 876 70 5.33774 2780
724 108 874 86 5.3742 2780
724 124 870 102 5.29637 5268
732 132 888 118 5.31753 5268
732 140 888 130 5.32128 5268
732 36 888 2 4.33915 6273
732 148 888 138 5.23843 2780
732 156 888 150 5.1656 5268
732 164 888 160 5.24827 5268
732 172 888 168 5.27915 5268
732 44 882 6 4.77466 4701
732 180 888 182 5.20517 2780
732 188 888 190 4.68693 4678
732 52 886 18 4.95089 5268
732 60 886 30 5.05701 2780
732 68 890 32 5.24501 3867
732 292 938 334 4.1375 7989
732 300 938 342 4.16807 7989
732 76 888 42 5.2854 2780
732 84 888 54 5.30551 2780
732 92 888 70 5.31353 2780
732 100 888 78 5.29763 2780
732 108 888 86 5.31763 2780
732 116 888 98 5.34959 2780
732 124 888 110 5.32504 5268
740 132 898 118 5.36463 5268
740 140 898 128 5.35376 5268
740 36 896 0 4.27891 6273
740 148 898 138 5.29486 2780
740 156 898 150 5.26733 5268
740 164 898 160 5.27405 5268
740 172 898 168 5.27274 5268
740 180 898 182 5.20532 2780
740 188 898 190 4.96203 4460
740 196 898 202 4.65771 5787
740 52 898 14 4.99607 5268
740 220 646 214 4.15792 7443
740 244 646 236 4.36926 7783
740 68 898 30 5.26569 3867
740 292 946 334 4.22489 10680
740 76 898 46 5.34497 2780
740 84 898 54 5.31732 2780
740 92 898 66 5.35451 2780
740 100 898 74 5.38445 2780
740 108 898 88 5.38997 2780
740 116 898 98 5.40482 2780
740 124 898 110 5.36317 5268
748 132 904 134 4.69406 6097
748 148 906 138 4.7956 6097
748 156 906 150 5.10307 2977
748 180 904 182 5.15667 2977
748 188 904 188 4.90001 4460
748 292 952 332 4.1776 10680
748 300 950 338 4.20499 10680
748 308 856 342 4.15229 4022
748 20 836 48 4.28792 9745
748 84 906 56 4.71131 6097
748 116 960 72 4.51918 10518
188 132 270 128 5.51142 1
188 140 276 136 5.5921 48
188 36 246 14 5.06536 1
188 148 276 146 5.64168 48
188 156 276 154 5.71164 48
188 164 276 162 5.71501 48
188 172 276 170 5.68449 1
188 44 242 24 5.04062 1
188 188 276 186 5.69007 4
188 196 276 194 5.689 4
188 204 276 202 5.59557 12
188 220 264 220 5.78109 12
188 228 254 230 5.81172 1
188 236 254 238 5.86292 4
188 60 274 48 4.95996 676
188 252 254 246 5.86986 4
188 260 254 254 5.86974 4
188 268 186 282 5.24908 2296
188 356 164 352 4.46013 2859
188 92 270 84 5.26453 1919
188 100 268 94 5.27291 2878
188 108 268 102 5.36419 2512
188 116 268 110 5.38238 3469
756 132 918 134 4.49286 7591
756 140 932 126 4.48233 5999
756 36 958 22 4.44388 10508
756 148 930 142 4.58052 8898
756 156 930 148 4.57367 8898
756 164 932 162 4.5878 5999
756 172 930 168 4.6187 5999
756 180 930 178 4.53374 5999
756 52 952 38 4.48034 10160
756 4 950 0 4.3873 12027
756 76 936 46 4.56258 6600
756 84 934 52 4.48674 8434
756 92 930 64 4.46291 5999
756 116 962 86 4.44764 9084
764 132 974 110 4.59015 10518
764 140 974 122 4.59577 10518
764 148 974 134 4.57566 11087
764 156 974 142 4.50337 11087
764 164 976 158 4.58389 11087
764 172 974 170 4.50018 11087
764 60 958 46 4.4402 11182
764 268 894 294 4.15148 6343
764 276 862 306 4.19276 7698
764 284 922 320 4.17519 6855
764 76 942 56 4.54419 6600
764 84 974 38 4.61583 10518
764 92 974 50 4.71374 10828
764 100 974 60 4.65232 10828
764 108 976 74 4.59683 10965
764 28 886 12 4.5141 8363
764 116 974 86 4.72923 10965
764 124 974 96 4.6929 10965
12 132 134 122 4.44651 873
12 140 46 134 4.60912 3464
12 148 46 142 4.5928 3464
12 156 48 152 4.41751 2642
12 172 130 174 4.47397 6393
12 188 126 186 4.76255 748
12 220 128 222 4.76099 933
12 276 70 314 4.50395 3019
12 284 76 320 4.55666 2472
12 292 74 328 4.47688 2472
12 300 34 336 4.48936 6918
12 308 38 344 4.49753 6918
12 316 26 346 4.60135 6918
12 332 26 362 4.62151 6918
12 340 24 368 4.61138 6918
12 100 42 84 4.63336 1217
12 108 30 94 4.52205 1217
772 132 986 110 4.62532 10518
772 140 990 122 4.62851 9476
772 148 988 134 4.60671 11427
772 156 988 146 4.66264 11427
772 164 988 158 4.63963 11427
772 172 988 170 4.74352 9296
772 180 988 178 4.71416 9296
772 188 990 194 4.57841 11083
772 196 990 206 4.64042 11083
772 204 990 218 4.61662 11083
772 212 990 230 4.38135 14018
772 220 990 240 4.24088 8721
772 60 970 44 4.44212 11182
772 268 1022 318 4.20898 9361
772 68 954 50 4.49772 6600
772 276 1022 332 4.29942 9361
772 84 986 38 4.56433 10518
772 92 986 50 4.65906 10828
772 100 986 62 4.68715 10828
772 108 986 70 4.64461 10965
772 28 894 12 4.41975 8363
772 116 984 86 4.5855 10965
772 124 986 98 4.66008 10965
780 132 1002 110 4.6974 10518
780 140 1002 120 4.67219 10518
780 148 998 134 4.5935 11427
780 156 1002 148 4.68138 9296
780 164 1000 158 4.66735 9296
780 172 998 170 4.71009 9296
780 44 980 30 4.45071 10160
780 180 998 178 4.65386 9296
780 188 998 194 4.61935 11083
780 196 1002 206 4.64493 11083
780 204 1002 216 4.62241 11083
780 52 998 22 4.45414 11087
780 212 1002 230 4.43747 14018
780 268 932 304 4.20993 6855
780 276 1026 334 4.22031 9361
780 284 932 318 4.17727 6855
780 20 972 24 4.43728 11182
780 100 1000 70 4.74929 10965
780 108 1000 74 4.76931 10965
780 116 1000 86 4.76899 10965
780 124 1002 94 4.75775 10965
196 132 286 128 5.55472 1
196 140 284 136 5.69687 4
196 36 248 14 4.97298 311
196 148 284 144 5.6873 4
196 156 284 154 5.72283 4
196 164 284 162 5.71115 4
196 172 284 170 5.72193 4
196 44 246 22 5.05516 470
196 180 284 178 5.72033 4
196 188 284 186 5.70786 1
196 196 282 194 5.68459 4
196 204 282 204 5.60978 4
196 212 282 210 5.60734 4
196 220 272 220 5.74715 12
196 228 270 230 5.80957 1
196 236 266 238 5.86922 4
196 252 262 246 5.86989 4
196 260 262 254 5.86989 4
196 68 266 66 5.04372 165
196 276 264 290 5.5789 254
196 284 266 298 5.5592 270
196 76 264 74 5.05291 165
196 316 166 342 4.52617 2676
196 332 170 344 4.50206 2795
196 92 278 86 5.20124 1919
196 100 274 94 5.34085 2270
196 108 274 102 5.36953 2512
196 28 246 4 5.00539 470
196 116 274 110 5.43411 3027
196 124 274 118 5.49215 76
788 140 1010 122 4.72579 10518
788 148 1010 140 4.68004 11087
788 156 1010 148 4.80078 9296
788 164 1010 158 4.72076 9296
788 172 1010 166 4.65827 9296
788 180 1010 178 4.63072 9296
788 188 1010 184 4.59818 9476
788 196 1016 208 4.6624 11083
788 204 1016 218 4.62573 11083
788 52 1006 22 4.60503 11427
788 212 1018 234 4.4442 8721
796 156 1018 146 4.75967 9296
796 164 1018 156 4.69597 9296
796 172 1022 176 4.53256 11228
796 188 1018 184 4.50693 9476
796 196 1026 210 4.61253 11083
796 212 1024 230 4.43734 8721
796 220 1026 240 4.44672 8721
796 252 1030 290 4.4863 17699
796 260 1034 306 4.40135 17699
796 268 1030 320 4.37073 16219
796 68 990 28 4.53205 9431
796 284 1034 334 4.34983 17439
796 76 998 40 4.52196 9515
796 100 998 54 4.5217 11087
796 108 996 66 4.51887 11087
804 172 1012 168 4.62764 11003
804 252 1040 288 4.45094 17699
804 260 1066 314 4.40294 13363
804 268 1066 320 4.45857 13363
804 68 1004 28 4.85571 8960
804 300 990 364 4.42919 9401
804 76 1004 40 4.84149 9084
804 308 1006 270 4.43755 15248
804 84 1002 48 4.81932 9084
804 92 1002 58 4.86196 8960
812 172 1018 170 4.66103 11003
812 180 1024 172 4.61485 9296
812 52 1014 6 4.48459 11087
812 60 1010 22 4.83456 9084
812 252 1050 290 4.55484 17699
812 260 1076 310 4.46674 13363
812 268 1074 320 4.48072 13363
812 68 1010 28 4.91024 8960
812 292 1014 240 4.45957 14603
812 308 1064 372 4.45826 14178
812 84 1010 48 4.95112 9084
812 100 1010 68 4.87671 9084
812 108 1010 74 4.84924 11003
812 28 906 6 4.25471 12778
204 132 294 130 5.55772 1
204 140 292 138 5.68352 4
204 36 256 14 4.95742 311
204 148 292 146 5.68406 4
204 156 292 154 5.71313 4
204 164 292 162 5.71015 4
204 172 292 170 5.72709 4
204 44 254 20 4.97859 311
204 180 292 178 5.73108 4
204 188 292 186 5.70937 1
204 196 292 196 5.68055 4
204 204 290 204 5.67505 48
204 52 254 26 5.02783 311
204 212 288 212 5.6685 48
204 220 280 220 5.72898 12
204 228 278 230 5.80393 1
204 236 276 238 5.86947 4
204 60 272 58 4.99585 448
204 244 274 242 5.86967 4
204 252 270 246 5.86989 4
204 260 270 254 5.86989 4
204 68 288 38 5.05294 686
204 276 274 286 5.63593 254
204 76 278 74 4.98426 1278
204 308 204 336 4.95713 1307
204 84 280 82 5.04724 1278
204 356 272 362 4.79403 3738
204 100 284 94 5.31744 2878
204 28 254 2 5.02374 311
204 116 282 110 5.42295 3027
820 132 1022 118 4.60959 11087
820 140 1026 126 4.61356 9296
820 156 1046 146 4.84346 11812
820 172 1046 162 4.68083 11812
820 180 1034 178 4.51601 9296
820 188 1030 178 4.45094 9476
820 196 1032 206 4.45378 11083
820 204 1030 216 4.48548 11083
820 52 1026 2 4.51228 11634
820 212 1034 228 4.46664 11228
820 220 1032 236 4.51939 11228
820 228 1032 244 4.48591 11228
820 252 1058 290 4.58364 17699
820 268 1074 330 4.38537 14178
820 68 1026 26 4.99344 9084
820 76 1070 30 5.05858 10293
820 332 1018 300 4.4074 14161
820 84 1068 38 5.06787 10293
820 100 1024 70 4.7273 11003
820 108 1024 84 4.79277 9296
820 116 1022 92 4.77934 9296
820 124 1022 104 4.6132 11087
828 132 1038 114 4.68382 11182
828 156 1058 146 4.83608 11812
828 164 1048 158 4.7917 9296
828 172 1046 170 4.62683 9476
828 44 1016 6 4.40213 11026
828 180 1044 182 4.51868 11170
828 188 1046 192 4.44006 11083
828 196 1046 204 4.40878 10305
828 204 1046 214 4.44646 10305
828 52 1018 12 4.75847 11087
828 212 1046 228 4.44815 11228
828 220 1042 238 4.46081 11228
828 60 1030 22 4.94199 9084
828 252 1066 290 4.54482 20334
828 68 1034 26 4.98832 9084
828 76 1076 30 5.06847 10293
828 84 1074 38 5.05012 10293
828 92 1030 50 4.78542 8960
828 100 1030 74 4.77088 11003
828 108 1032 86 4.82778 9296
828 116 1032 92 4.73063 9296
828 124 1038 106 4.66743 11182
52 132 134 132 4.57279 264
52 140 134 138 4.50662 5178
52 148 144 144 4.50449 5631
52 172 142 170 4.65232 264
52 188 88 194 4.43907 1784
52 60 98 46 4.69265 6030
52 244 106 266 4.55891 1279
52 252 98 278 4.70628 1777
52 4 90 8 4.72566 635
52 260 94 282 4.74345 1777
52 68 36 40 4.76073 7242
52 276 42 296 4.55675 2863
52 76 34 48 4.70944 7242
52 340 42 372 4.52477 6186
52 108 146 110 4.60375 5178
52 116 144 112 4.73435 1784
836 132 1054 114 4.71759 10508
836 140 1072 118 4.73025 11427
836 148 1052 138 4.84057 11003
836 156 1064 146 4.90466 11427
836 164 1066 158 4.81195 11427
836 172 1070 170 4.7316 11427
836 180 1062 178 4.64458 9296
836 188 1062 194 4.55122 11083
836 196 1062 206 4.57715 11083
836 204 1062 214 4.4229 11083
836 52 1056 2 4.69814 10518
836 212 1062 228 4.29082 11228
836 220 1062 238 4.46182 11228
836 60 1090 10 4.99989 10293
836 252 1072 288 4.53516 14642
836 68 1086 16 5.00274 10293
836 76 1082 30 5.06165 9296
836 84 1082 38 5.00866 9296
836 92 1056 58 4.78547 9084
836 100 1070 70 4.82195 9296
836 108 1050 82 4.73754 9084
836 124 1056 102 4.7055 8960
844 132 1070 114 4.76851 10950
844 140 1072 120 4.71736 10950
844 148 1072 138 4.90463 11427
844 156 1072 146 4.89015 11427
844 164 1074 160 4.79192 11427
844 172 1074 170 4.80293 11427
844 180 1070 178 4.58062 9296
844 188 1070 192 4.56552 11083
844 196 1074 204 4.60163 11083
844 204 1072 212 4.56523 11083
844 52 1074 0 4.73906 11622
844 212 1072 226 4.40816 11228
844 220 1072 238 4.46637 11228
844 228 1074 248 4.56275 11228
844 60 1062 14 4.98392 9084
844 68 1060 22 4.9459 9084
844 76 1090 30 5.05786 9296
844 84 1088 40 4.99118 9296
844 92 1076 48 4.80522 9476
844 108 1058 82 4.77784 9084
212 132 298 130 5.56244 19
212 140 298 138 5.64825 48
212 148 300 144 5.68267 48
212 156 300 154 5.68678 48
212 164 300 162 5.6958 48
212 172 300 170 5.63903 19
212 180 300 178 5.50544 48
212 188 298 186 5.71694 12
212 12 268 10 4.92392 39
212 196 300 194 5.71318 12
212 204 298 202 5.72607 4
212 212 298 212 5.72833 4
212 220 292 220 5.73295 12
212 228 286 230 5.82179 1
212 236 294 238 5.87108 4
212 60 280 60 4.98943 448
212 244 294 242 5.87108 4
212 252 294 254 5.87136 4
212 260 294 262 5.87136 4
212 268 286 278 5.77361 2
212 68 282 66 5.06347 448
212 308 210 336 5.06118 713
212 84 292 74 5.0395 1297
212 92 290 86 5.22026 1919
212 108 294 102 5.39678 3124
212 124 290 118 5.51348 12
852 140 1080 126 4.77555 10950
852 148 1090 138 4.92094 11427
852 156 1086 146 4.86267 11427
852 164 1086 160 4.72554 11427
852 172 1088 168 4.75571 11427
852 180 1088 178 4.50288 9296
852 188 1088 194 4.55765 11083
852 196 1084 204 4.53426 11083
852 204 1094 216 4.55968 14129
852 52 1084 0 4.85879 11622
852 220 1098 240 4.5323 11861
852 228 1066 252 4.53797 14970
852 60 1086 10 4.95979 9296
852 76 1096 30 4.97227 9296
852 84 1082 48 4.78251 9476
852 92 1082 56 4.80558 9476
852 108 1090 74 4.83117 10293
852 116 1090 82 4.80623 10293
852 124 1092 102 4.75975 10293
860 132 1102 114 4.75772 10293
860 140 1096 126 4.832 10293
860 148 1098 136 4.91798 11427
860 156 1098 146 4.8585 11427
860 164 1106 158 4.74288 11228
860 172 1102 168 4.67867 12541
860 180 1106 170 4.55985 10986
860 188 1098 194 4.55144 11083
860 196 1106 208 4.4498 14129
860 204 1102 216 4.56533 14129
860 52 1092 0 4.84178 11622
860 212 1106 226 4.47689 11861
860 220 1104 240 4.60384 11861
860 228 1102 250 4.57257 11861
860 236 1070 258 4.55928 14970
860 60 1098 10 4.98479 9296
860 68 1098 22 4.95609 9296
860 84 1104 36 4.80971 10858
860 356 1064 296 4.47868 13648
860 92 1098 56 4.82752 10293
860 100 1096 66 4.78139 10293
860 108 1104 80 4.80959 10858
860 116 1100 86 4.84611 10293
860 124 1100 102 4.75164 10293
868 132 1112 114 5.03527 9296
868 140 1112 126 5.02372 9296
868 148 1112 136 5.01523 9296
868 156 1110 148 4.77991 10950
868 164 1122 158 4.85907 11427
868 172 1118 166 4.82415 11427
868 44 928 30 4.54148 12519
868 180 1118 182 4.67884 9296
868 188 1118 192 4.61888 11083
868 196 1118 206 4.64274 11083
868 204 1118 218 4.71141 11083
868 52 1112 0 4.78448 13234
868 212 1122 222 4.56277 11861
868 220 1114 240 4.51723 14037
868 60 1110 10 4.89252 10858
868 68 1112 22 4.93321 9476
868 76 1112 30 5.01023 9296
868 20 918 8 4.52861 13396
868 84 1112 36 5.01122 9296
868 356 1072 296 4.49187 13648
868 92 1112 42 5.08087 9296
868 100 1112 50 5.06244 9296
868 108 1112 66 5.0662 9296
868 28 922 14 4.51902 13396
868 116 1112 74 5.06238 9296
868 124 1112 102 5.03375 9296
876 140 1120 126 4.99132 9296
876 148 1120 134 4.99543 9296
876 156 1122 148 4.88758 10950
876 164 1130 160 4.87351 11427
876 172 1130 170 4.86874 11427
876 44 934 32 4.62372 12519
876 180 1130 180 4.61434 9296
876 188 1130 192 4.67986 11083
876 196 1128 206 4.76007 11083
876 204 1128 216 4.76722 11083
876 228 1136 254 4.48264 14714
876 60 1126 8 4.84058 10858
876 68 1122 20 4.82924 9476
876 76 1120 28 4.95348 9296
876 20 928 6 4.57542 13396
876 84 1120 38 4.96189 9296
876 92 1120 44 5.05063 9296
876 108 1120 64 4.99995 9296
876 116 1120 74 5.01308 9296
876 124 1120 104 5.01656 9296
220 148 306 146 5.64697 4
220 156 312 152 5.59238 48
220 164 306 162 5.64876 4
220 172 308 170 5.5829 14
220 180 308 178 5.61793 19
220 188 308 186 5.72513 12
220 12 270 2 4.94896 180
220 196 308 194 5.71453 12
220 204 306 202 5.71137 4
220 212 306 212 5.74826 4
220 220 302 220 5.75338 12
220 228 298 230 5.82461 1
220 236 302 238 5.87105 4
220 60 276 38 4.9761 40
220 244 302 242 5.87032 4
220 252 302 258 5.87136 4
220 268 294 280 5.77312 2
220 68 288 66 4.99428 676
220 276 326 284 5.67868 92
220 284 294 298 5.59927 158
220 292 276 306 5.35371 195
220 308 216 338 5.02717 1307
220 20 274 12 4.98449 180
220 84 298 78 4.96336 1297
220 92 302 84 5.27552 1919
220 100 306 94 5.3183 2270
220 28 258 20 4.94541 40
220 116 298 110 5.36253 3027
220 124 298 120 5.48122 12
884 132 1138 110 4.91855 9296
884 140 1138 126 4.9829 9296
884 36 936 26 4.54459 13396
884 148 1138 136 4.96203 9296
884 156 1138 144 4.77402 10950
884 164 1140 160 4.84291 12541
884 172 1142 170 4.8507 12541
884 44 938 34 4.57517 13396
884 180 1142 178 4.71281 10986
884 188 1138 194 4.69593 11170
884 196 1138 200 4.72287 11170
884 212 1148 230 4.41916 14885
884 220 1146 240 4.51832 14885
884 228 1146 256 4.51723 14714
884 60 1138 6 4.91357 10986
884 260 1116 296 4.74797 14680
884 68 1138 16 4.93904 10986
884 76 1138 26 4.94469 10986
884 92 1138 38 4.99821 9296
884 100 1138 50 4.99282 9296
884 108 1138 58 5.00658 9296
884 116 1138 64 5.0071 9296
884 124 1138 72 4.9634 9476
892 132 1148 110 4.8212 10986
892 140 1148 126 4.85881 10986
892 36 944 26 4.53778 13396
892 148 1146 136 4.97245 9296
892 164 1146 158 4.81643 12541
892 172 1148 170 4.84819 12541
892 212 1156 230 4.4645 14885
892 60 1150 8 4.85441 10986
892 260 1122 296 4.73501 14680
892 68 1148 16 4.88224 10986
892 76 1150 28 4.85806 10986
892 100 1146 38 4.87654 9476
892 108 1146 48 4.89918 9476
892 28 942 16 4.48647 13016
892 116 1146 66 4.87137 9296
892 124 1148 102 4.83632 10986
900 132 1152 110 4.7564 10986
900 180 1170 182 4.65117 11532
900 204 1178 218 4.39922 12430
900 212 1180 232 4.46544 14885
900 220 1178 242 4.40483 14885
900 60 1152 10 4.90575 10986
900 68 1154 16 4.86557 10986
900 76 1156 30 4.86855 10986
900 332 1166 352 4.68295 13227
900 84 1154 34 4.847 10986
900 92 1150 56 4.86323 10986
900 100 1152 66 4.88833 10986
900 116 1154 78 4.84994 10986
900 124 1158 88 4.78096 11271
908 140 1158 128 4.87732 10986
908 148 1158 136 4.89205 12719
908 172 1184 170 4.60198 13007
908 196 1194 206 4.33664 12430
908 204 1192 218 4.40154 12430
908 212 1190 230 4.39592 14885
908 60 1160 10 4.87751 10986
908 300 1138 336 4.70803 14852
908 76 1166 26 4.86912 10986
908 332 1174 354 4.71538 13227
908 340 1172 362 4.69054 13227
908 92 1160 54 4.88478 10986
908 100 1162 66 4.85038 10986
908 108 1160 74 4.80324 10986
908 116 1158 82 4.85454 10986
228 132 314 128 5.619 1
228 148 318 146 5.59679 1
228 164 318 162 5.6248 4
228 172 314 170 5.49542 1
228 44 314 40 4.97248 12
228 180 316 178 5.57736 19
228 188 314 186 5.67574 12
228 12 278 2 5.00316 180
228 196 314 194 5.69622 12
228 204 314 204 5.65076 48
228 212 312 212 5.647 48
228 228 304 230 5.83301 1
228 236 314 238 5.87075 4
228 244 318 242 5.87114 4
228 252 320 246 5.87136 4
228 260 320 254 5.87136 4
228 268 314 280 5.7122 2
228 276 330 286 5.63395 92
228 284 304 298 5.55298 158
228 292 320 306 5.23862 192
228 308 226 338 5.0041 1307
228 20 282 12 4.94719 180
228 84 310 76 4.97621 1297
228 92 310 86 5.17019 2161
228 108 306 102 5.36713 2512
228 116 306 110 5.37384 3027
228 124 314 120 5.51196 12
916 164 1162 156 4.68113 15029
916 212 1210 234 4.28627 11813
916 228 1218 258 4.50332 11990
916 244 1122 268 4.67559 19590
924 148 1168 136 4.7715 14447
924 212 1222 230 4.30208 11813
924 220 1220 238 4.28744 11813
924 228 1226 258 4.41085 11990
932 252 1126 274 4.75396 15975
932 284 1166 346 4.75952 9911
940 268 1142 298 4.83018 14970
940 308 1140 346 4.64847 18456
236 140 318 136 5.61099 48
236 36 290 14 4.90378 11
236 148 326 146 5.6221 19
236 156 324 152 5.66086 48
236 164 324 162 5.66231 48
236 172 324 170 5.61546 19
236 188 322 188 5.66281 12
236 196 324 194 5.6944 12
236 204 322 204 5.62499 1
236 52 298 40 4.97021 17
236 212 324 212 5.60486 12
236 220 312 222 5.74793 12
236 228 312 230 5.83928 1
236 236 322 238 5.87093 4
236 60 290 40 5.02321 11
236 276 342 286 5.63238 92
236 284 314 296 5.48816 158
236 84 314 76 5.10861 1297
236 92 322 88 5.15178 2161
236 100 316 96 5.29724 2803
236 116 314 110 5.43586 3027
236 124 322 122 5.47191 12
948 164 914 166 4.55776 14917
948 172 914 170 4.5747 16582
948 44 904 52 4.7482 15497
948 212 1234 246 4.14138 11813
948 60 904 68 4.72257 18505
948 116 904 118 4.74764 16662
948 124 904 120 4.75227 19327
956 156 918 158 4.63984 16066
956 180 920 182 4.60812 16582
956 212 1210 242 4.21226 13100
956 76 916 78 4.64288 18505
956 332 1182 362 4.72421 15393
956 84 914 92 4.63142 18826
956 116 1026 106 4.44674 12259
60 132 150 126 4.75028 211
60 140 150 134 4.95179 4974
60 148 152 146 5.03908 4974
60 156 148 162 4.79955 4974
60 164 148 170 4.8319 4974
60 188 150 178 4.8018 4974
60 196 148 184 4.82989 4974
60 204 146 194 4.81064 5033
60 212 144 210 4.72119 5033
60 220 142 220 5.00079 4974
60 236 78 250 4.59306 6186
60 252 56 270 4.71502 6186
60 4 100 10 4.74482 635
60 260 102 282 4.7478 1777
60 284 52 302 4.57581 2863
60 108 154 106 4.77885 4974
60 116 152 112 4.89418 4974
60 124 152 120 4.89851 211
964 44 920 52 4.74485 17254
964 196 830 206 4.22 17329
964 228 894 206 4.33254 30371
964 268 1116 292 4.78721 18079
964 364 1168 338 4.76129 14886
972 172 926 170 4.32894 16582
972 4 940 10 4.46341 19380
244 132 328 128 5.49932 19
244 140 330 138 5.57727 48
244 36 302 10 4.93726 39
244 148 330 144 5.62805 19
244 156 332 154 5.67309 48
244 164 332 162 5.66035 48
244 172 332 170 5.60232 19
244 188 332 186 5.64008 81
244 196 332 194 5.63427 81
244 204 330 202 5.58452 19
244 52 296 30 5.00117 39
244 220 320 222 5.75409 81
244 228 320 230 5.82429 19
244 244 326 258 5.83949 48
244 260 336 276 5.72955 48
244 68 326 58 4.92769 686
244 284 322 296 5.29402 267
244 292 250 322 5.16059 2831
244 76 332 70 5.18193 1278
244 308 250 346 4.96692 713
244 332 306 332 4.8865 1315
244 84 332 76 5.30707 1297
244 356 312 358 4.89328 1315
244 92 334 88 5.32899 1919
244 100 338 96 5.33933 1919
244 116 322 110 5.34727 3469
244 124 322 118 5.51939 81
980 260 1126 282 4.81208 14886
980 284 1134 306 4.81622 14886
996 276 1146 298 4.79789 14886
996 284 1200 316 4.7881 18467
996 300 1040 76 4.70419 13369
1004 228 872 226 4.66758 16992
1004 252 1224 282 4.73609 19383
252 148 340 142 5.45999 14
252 156 340 152 5.64156 12
252 164 340 162 5.61813 12
252 172 340 170 5.59211 12
252 180 340 176 5.59179 12
252 188 340 186 5.54268 1
252 204 338 200 5.4807 14
252 52 304 28 4.99141 39
252 212 330 212 5.58316 14
252 220 330 222 5.71604 76
252 228 338 230 5.7702 14
252 60 306 36 4.97701 39
252 260 358 248 5.53677 4
252 68 334 60 5.01145 686
252 284 262 314 5.15047 2831
252 292 360 298 5.1396 238
252 300 318 314 5.10565 693
252 76 338 68 5.07491 1278
252 308 256 346 5.03612 713
252 84 342 76 5.19918 1297
252 92 340 86 5.40687 2658
252 100 338 94 5.38314 2658
252 108 342 104 5.30602 2878
252 28 302 0 4.92858 570
252 116 330 110 5.32671 3027
252 124 332 118 5.40046 29
1012 228 866 226 4.64691 15964
1012 284 1054 66 4.74879 13369
1012 300 1054 76 4.7243 13369
1012 332 1058 74 4.76557 13249
1020 36 1132 10 4.77614 14509
1020 44 1132 22 4.80257 14509
1020 332 1066 72 4.76145 13249
1020 84 1132 42 4.78538 14509
4 140 38 136 4.53421 3464
4 172 126 170 4.40225 7030
4 44 38 74 4.59036 6048
4 12 82 22 4.65294 748
4 204 120 198 4.71743 1044
4 52 68 16 4.69415 3019
4 236 116 252 4.57611 748
4 60 34 88 4.59466 6048
4 244 114 258 4.57374 748
4 252 78 274 4.64195 911
4 4 84 10 4.66709 745
4 300 58 330 4.48168 3019
4 316 18 346 4.58385 6918
4 20 96 0 4.67761 5776
4 324 14 350 4.55614 6918
4 332 18 360 4.6477 6918
4 348 14 372 4.44984 8279
4 92 30 112 4.63919 6048
4 100 90 90 4.61762 748
4 108 26 96 4.60591 1217
4 116 22 106 4.54133 1217
4 124 60 116 4.61496 925
260 132 338 126 5.47277 29
260 140 338 134 5.44542 1
260 156 348 154 5.45509 29
260 164 348 162 5.51558 1
260 172 348 170 5.57474 12
260 44 316 20 4.96218 805
260 180 348 178 5.61735 12
260 188 346 186 5.54119 1
260 52 316 30 5.02027 39
260 212 338 212 5.63829 3211
260 220 336 222 5.72314 12
260 228 364 228 5.75384 1
260 60 314 38 5.00176 39
260 244 346 246 5.76698 253
260 260 374 248 5.56198 17
260 68 314 48 5.02792 4
260 300 324 312 5.09443 693
260 76 350 70 5.02647 1278
260 84 350 76 5.08097 1297
260 348 298 360 4.86989 2831
260 356 298 368 4.85655 2831
260 92 348 88 5.49437 2423
260 108 348 104 5.52039 2270
260 28 312 2 5.00343 805
260 116 348 112 5.41261 2270
260 124 348 120 5.51685 2270
268 132 358 128 5.49794 29
268 140 344 136 5.42332 1
268 36 320 10 4.95828 805
268 148 354 146 5.46833 11
268 156 356 154 5.5786 29
268 164 356 162 5.55831 29
268 172 356 174 5.63149 29
268 44 322 22 5.0183 4
268 180 356 178 5.66128 29
268 188 356 184 5.58672 11
268 196 356 198 5.47532 17
268 52 324 28 5.0568 39
268 212 346 212 5.64371 3211
268 220 346 222 5.70696 12
268 228 344 230 5.7451 12
268 60 322 38 5.03644 39
268 4 326 0 4.99548 152
268 260 386 248 5.58814 17
268 268 338 314 5.04422 195
268 68 322 48 5.00742 4
268 284 276 318 5.04619 713
268 300 310 320 5.06606 165
268 84 356 76 5.30564 1297
268 340 294 342 4.89955 2831
268 348 302 358 4.90859 2831
268 356 282 346 4.9047 1887
268 92 356 86 5.53297 3551
268 100 356 94 5.53254 2270
268 108 356 104 5.55903 2708
268 116 356 112 5.57636 3644
268 124 356 120 5.6128 29
68 132 158 130 4.9367 495
68 140 158 136 5.02886 5148
68 164 156 158 4.9995 5148
68 172 156 166 4.97048 6406
68 188 158 176 4.82161 4974
68 204 156 202 4.85849 5148
68 212 152 212 4.7395 4713
68 220 150 220 5.07891 5148
68 228 150 228 5.07404 5148
68 252 46 270 4.66368 5632
68 268 96 290 4.68793 1693
68 276 122 298 4.5162 4286
68 284 122 304 4.56178 4286
68 84 170 58 4.79405 985
68 108 160 106 4.8055 4974
68 116 160 114 4.77751 4974
276 132 364 128 5.72106 1
276 140 364 136 5.69921 1
276 36 342 34 4.9686 42
276 148 364 146 5.70429 1
276 156 364 154 5.70569 12
276 164 364 162 5.70192 12
276 172 364 170 5.71821 12
276 180 364 178 5.72281 12
276 188 364 186 5.67955 1
276 12 346 2 4.97534 42
276 196 364 194 5.59221 4
276 204 366 204 5.52561 4
276 212 354 212 5.59627 3211
276 220 352 222 5.71146 12
276 236 358 238 5.73894 12
276 60 330 38 5.00658 247
276 244 362 244 5.73156 12
276 68 334 48 5.00313 247
276 276 364 290 5.01345 94
276 292 354 334 5.11055 195
276 300 370 314 5.09221 94
276 348 310 358 4.9283 2831
276 364 322 372 4.79909 4163
276 92 364 82 5.55266 2423
276 100 364 96 5.54909 2270
276 108 364 104 5.56489 2270
276 116 364 112 5.59321 3027
276 124 364 120 5.70981 12
284 132 372 128 5.72128 1
284 140 372 136 5.7027 1
284 148 372 146 5.69998 1
284 156 372 154 5.71669 12
284 164 372 162 5.72273 12
284 172 372 170 5.72996 12
284 180 372 178 5.72458 12
284 188 372 186 5.6864 1
284 212 360 212 5.59564 3211
284 220 360 222 5.6882 12
284 60 346 40 5.00987 17
284 4 334 2 4.96825 29
284 260 398 248 5.54726 17
284 68 344 50 5.00086 17
284 292 358 338 5.09295 195
284 300 374 310 5.11456 94
284 76 362 62 5.13395 1732
284 308 370 340 4.99352 507
284 20 354 14 4.96842 42
284 84 364 74 5.22294 2113
284 348 314 340 4.92934 1887
284 92 370 82 5.54252 2423
284 100 370 94 5.55405 2270
284 108 372 104 5.55734 2270
284 28 350 26 4.99847 42
284 116 370 112 5.54558 3027
284 124 372 120 5.70042 12
292 132 380 128 5.70689 1
292 140 380 136 5.70106 1
292 148 380 146 5.69012 1
292 156 380 154 5.71158 12
292 164 380 162 5.7188 12
292 172 380 170 5.6982 29
292 180 380 178 5.70052 29
292 188 378 188 5.51493 11
292 204 368 204 5.53766 48
292 212 374 212 5.62426 3211
292 220 370 222 5.70545 12
292 236 374 236 5.76032 12
292 60 350 38 5.02347 4
292 244 374 244 5.75804 12
292 4 342 2 4.98771 29
292 260 406 248 5.56705 17
292 276 392 290 5.00982 116
292 284 380 294 5.04783 94
292 292 366 314 5.0998 106
292 300 400 310 5.06206 345
292 76 374 66 5.43717 42
292 332 312 324 4.88732 1887
292 84 374 76 5.43637 42
292 340 306 350 4.88404 4820
292 356 336 372 4.88051 2831
292 124 380 122 5.51016 29
300 132 388 128 5.68205 1
300 140 388 138 5.67869 1
300 148 388 146 5.6579 1
300 156 388 154 5.70531 12
300 164 388 162 5.71844 12
300 44 356 22 4.8773 4
300 180 388 174 5.64102 12
300 188 386 186 5.46586 1
300 12 394 6 4.81574 17
300 196 382 196 5.58912 19
300 204 384 204 5.65949 48
300 212 384 212 5.67351 48
300 220 380 222 5.70747 12
300 228 378 230 5.73993 12
300 236 380 236 5.75654 12
300 244 380 244 5.75495 12
300 68 382 60 5.42839 11
300 292 376 310 5.09052 106
300 76 384 66 5.40565 42
300 316 336 310 4.74848 2831
300 84 384 76 5.3918 11
300 356 346 370 4.85332 2831
300 92 382 84 5.42831 1919
300 100 384 92 5.36515 1919
300 108 384 102 5.27515 3124
300 124 386 118 5.49244 12
76 140 162 136 5.12928 5347
76 148 162 144 5.11125 5347
76 156 162 152 5.10745 5347
76 172 162 170 4.97999 6406
76 188 164 182 4.91115 212
76 196 164 194 4.95207 212
76 204 162 202 5.01986 5347
76 212 162 210 5.02646 5347
76 220 162 218 5.05847 5347
76 228 158 228 5.075 5347
76 60 116 42 4.74194 4514
76 252 106 278 4.72923 1279
76 260 106 282 4.72409 1693
76 276 78 296 4.63356 6186
76 292 80 312 4.42941 5407
76 316 74 346 4.44368 5816
76 100 134 86 4.68226 6532
76 108 174 110 4.64235 5033
308 132 394 126 5.51782 19
308 140 394 136 5.5267 19
308 148 394 146 5.52893 48
308 164 394 162 5.51389 48
308 172 394 168 5.42257 19
308 44 398 38 5.21655 12
308 180 398 180 5.42412 14
308 196 392 196 5.64688 14
308 204 392 204 5.68812 48
308 52 396 44 5.29591 12
308 212 392 212 5.65994 48
308 220 388 222 5.73765 76
308 228 388 230 5.7478 76
308 236 394 234 5.7486 76
308 60 390 52 5.29689 12
308 244 392 242 5.74421 76
308 68 390 60 5.38591 11
308 84 394 76 5.41933 11
308 364 362 360 4.7615 4163
308 92 390 84 5.41204 11
308 108 394 106 5.3209 3124
308 28 396 20 5.12319 12
308 124 392 118 5.49324 76
316 132 400 126 5.53458 14
316 140 400 136 5.55517 14
316 148 400 146 5.47704 14
316 156 398 152 5.48305 14
316 164 410 162 5.2945 14
316 44 406 38 5.27958 12
316 180 406 178 5.41725 14
316 188 398 188 5.49877 76
316 196 400 196 5.62214 14
316 204 400 204 5.64919 14
316 52 404 44 5.25981 12
316 212 400 212 5.64531 3211
316 220 396 222 5.74964 76
316 228 396 230 5.75282 76
316 236 400 234 5.74385 76
316 60 398 50 5.2362 12
316 252 424 242 5.56547 14
316 4 410 8 5.36622 81
316 260 422 252 5.24374 108
316 68 400 60 5.35695 0
316 292 404 296 4.89256 173
316 76 400 68 5.37006 5
316 308 408 322 4.92256 1492
316 20 406 14 5.24186 2878
316 340 386 336 4.91323 2075
316 356 356 372 4.84814 2831
316 92 400 86 5.35508 5
316 100 398 92 5.35662 5
316 28 406 22 5.22343 2878
316 116 400 110 5.39727 3211
316 124 402 118 5.47461 76
20 132 88 134 4.48462 2523
20 140 56 134 4.57617 3464
20 148 54 142 4.56505 3464
20 180 134 178 4.71196 8259
20 244 38 250 4.59993 2763
20 252 26 278 4.59343 1693
20 260 28 280 4.63925 6918
20 268 28 292 4.53152 1693
20 276 48 310 4.57929 6385
20 284 82 320 4.53396 2472
20 300 14 310 4.4946 2523
20 92 66 70 4.61416 6372
20 116 58 90 4.49601 1217
324 132 410 126 5.46908 224
324 36 414 34 5.31355 2741
324 148 410 146 5.45837 224
324 156 410 152 5.48782 224
324 164 418 162 5.2071 420
324 172 416 172 5.22146 253
324 180 418 178 5.45201 4423
324 188 418 186 5.4975 253
324 52 414 42 5.12817 12
324 220 402 222 5.72826 253
324 228 402 230 5.73246 253
324 244 410 242 5.69723 253
324 68 408 60 5.33497 11
324 276 350 308 4.78163 2679
324 284 420 302 4.81231 1492
324 300 414 316 4.91707 1492
324 76 416 66 5.29604 0
324 308 418 322 4.92932 1492
324 20 414 20 5.45975 2270
324 84 412 76 5.29168 5
324 340 336 346 4.83577 4820
324 100 408 92 5.36286 3834
324 108 408 102 5.31952 3834
324 28 414 28 5.49198 2270
324 116 408 110 5.40686 4423
324 124 408 118 5.43144 253
332 132 420 126 5.35702 302
332 140 420 134 5.40752 302
332 36 418 34 5.2227 2741
332 148 418 144 5.42449 302
332 156 416 152 5.45832 302
332 172 428 170 5.1995 446
332 180 426 180 5.17092 4801
332 196 410 194 5.29951 446
332 204 412 204 5.51192 446
332 52 418 40 5.2308 12
332 212 412 214 5.5022 446
332 220 420 220 5.60121 446
332 228 420 226 5.59911 446
332 236 420 232 5.67659 446
332 244 418 240 5.65811 446
332 260 426 250 5.30346 820
332 68 426 60 5.2597 0
332 300 426 316 4.90346 1894
332 20 418 20 5.60422 253
332 84 426 82 5.25323 0
332 92 414 84 5.30743 5
332 28 422 26 5.50504 2270
332 124 418 114 5.25213 446
84 132 166 128 4.97154 403
84 140 170 136 5.08644 5347
84 148 174 146 5.10208 5347
84 156 174 154 5.08914 5347
84 164 174 162 5.08419 5347
84 172 176 170 4.88571 6406
84 180 176 178 4.92376 6532
84 188 174 184 4.90643 212
84 12 114 8 4.8174 142
84 228 164 228 5.10561 5328
84 252 114 278 4.73427 1279
84 260 112 282 4.70261 1279
84 268 86 290 4.64045 6186
84 300 54 340 4.41542 6918
84 76 94 50 4.81296 4517
84 108 164 90 4.83009 397
84 116 166 96 4.76998 397
84 124 166 120 4.97222 211
340 132 424 128 5.4048 3982
340 140 424 136 5.43015 4289
340 36 434 38 5.2424 2741
340 148 424 144 5.43814 4289
340 156 424 154 5.35745 5052
340 164 424 160 5.1963 3982
340 44 436 44 5.16656 4801
340 188 428 186 5.27298 1037
340 196 428 194 5.35577 1037
340 204 426 202 5.32008 820
340 52 438 48 5.2549 447
340 228 428 226 5.4185 663
340 236 432 234 5.48054 663
340 252 434 244 5.29867 820
340 68 432 58 5.14415 19
340 292 442 294 4.79511 1384
340 300 446 306 4.78693 1605
340 76 424 68 5.24817 108
340 20 446 16 5.61744 447
340 356 428 346 4.75291 2697
340 364 428 354 4.6833 4529
340 100 422 94 5.42169 5052
340 108 422 102 5.41986 3982
340 116 422 108 5.42273 3982
340 124 424 118 5.39543 3982
348 132 434 126 5.42803 3982
348 140 432 136 5.44065 4289
348 36 440 34 5.34009 5636
348 148 432 144 5.46444 4289
348 156 434 152 5.40115 4635
348 164 432 160 5.38258 4028
348 172 436 170 5.34083 3502
348 44 442 44 5.25815 5277
348 188 434 184 5.32539 1037
348 196 434 192 5.35455 1037
348 52 448 48 5.14304 447
348 212 434 206 5.2999 707
348 220 434 218 5.42065 1037
348 244 440 238 4.93047 1037
348 252 440 244 5.37246 714
348 292 450 294 4.77813 1605
348 76 434 70 5.13877 108
348 20 452 16 5.61233 447
348 332 430 320 4.79788 2697
348 84 434 78 5.28541 3361
348 92 432 84 5.36396 3832
348 100 434 94 5.43356 4635
348 108 434 102 5.43282 4635
348 28 434 26 5.40874 2270
348 116 434 110 5.41576 3982
348 124 432 118 5.39734 3982
356 140 440 136 5.39892 2622
356 148 440 146 5.44686 2622
356 156 440 154 5.48458 2622
356 164 440 162 5.48939 2622
356 180 434 178 5.12262 1727
356 188 450 186 5.22725 746
356 52 446 50 5.14444 131
356 236 438 230 5.25171 7144
356 60 454 58 5.13297 714
356 252 450 244 5.2591 814
356 300 458 302 4.73676 689
356 92 440 84 5.39995 2435
356 100 440 92 5.45453 3149
356 108 440 102 5.46351 3149
356 28 454 26 5.42204 4445
356 116 442 110 5.42199 2622
356 124 440 120 5.45909 2622
364 132 450 128 5.47266 2622
364 140 448 138 5.47531 2661
364 36 462 34 5.4029 5773
364 148 450 144 5.47027 2661
364 156 450 152 5.46683 2622
364 164 450 162 5.51348 2622
364 172 446 170 5.37915 2483
364 180 442 176 5.27603 2078
364 188 458 184 5.23901 746
364 12 462 8 5.63795 618
364 196 454 192 5.32524 746
364 204 446 200 5.13744 746
364 52 460 52 5.41 618
364 212 446 208 5.33893 147
364 228 444 222 5.34602 154
364 60 460 58 5.27013 118
364 252 458 244 5.30924 154
364 4 454 2 5.71673 618
364 260 458 250 5.28422 154
364 20 460 16 5.65389 618
364 84 446 76 5.28695 3361
364 100 448 92 5.47759 3149
364 108 448 100 5.43969 3149
364 28 462 24 5.50306 118
364 116 448 108 5.4304 2622
364 124 448 118 5.44578 2622
92 140 182 136 5.0404 5347
92 148 184 144 5.09071 5347
92 156 184 154 5.06044 5347
92 164 182 162 5.02787 5347
92 172 194 168 4.87404 3749
92 188 182 186 4.90208 4142
92 196 182 196 4.89089 4142
92 204 174 202 5.03866 5300
92 212 174 212 5.1125 5300
92 220 174 220 5.21078 5300
92 228 172 228 5.24027 5300
92 252 120 278 4.69326 1279
92 4 122 8 4.71874 142
92 76 152 66 4.74854 1100
92 28 120 22 4.7555 142
92 124 174 120 4.89505 142
372 132 458 128 5.46501 5
372 140 456 136 5.4323 2661
372 36 470 32 5.67182 12
372 148 458 144 5.46258 3149
372 156 456 152 5.48402 2622
372 164 458 162 5.49089 2622
372 172 452 172 5.41754 2517
372 44 468 40 5.61045 12
372 180 452 176 5.28412 2078
372 12 470 8 5.72938 12
372 52 466 50 5.57023 12
372 212 454 208 5.34319 147
372 228 452 222 5.35661 154
372 236 470 230 5.33764 147
372 60 466 58 5.31998 0
372 244 470 236 5.25085 154
372 4 462 2 5.77837 12
372 76 462 68 5.34871 5
372 84 456 76 5.39489 3
372 356 374 360 4.84413 1730
372 92 454 84 5.37843 2435
372 100 456 92 5.44637 4635
372 108 458 100 5.39647 4635
372 28 470 24 5.65417 0
372 116 456 110 5.42554 2517
372 124 456 118 5.42926 5
380 132 466 128 5.4443 5
380 140 466 138 5.41412 2622
380 36 476 32 5.68349 81
380 148 466 146 5.46086 3149
380 156 466 154 5.47078 2622
380 172 460 170 5.41842 2517
380 44 476 40 5.63035 81
380 180 458 178 5.19063 1727
380 188 470 182 5.01493 63
380 12 478 8 5.75654 12
380 196 460 192 5.32977 147
380 204 462 200 5.24191 147
380 52 474 50 5.60966 81
380 212 462 208 5.30155 154
380 228 474 222 5.35652 23
380 60 474 58 5.39304 19
380 252 480 240 5.26687 154
380 4 470 2 5.77837 12
380 68 474 68 5.29254 48
380 76 468 68 5.36058 5
380 20 478 16 5.75552 12
380 84 466 76 5.38491 3
380 92 466 84 5.4165 2435
380 100 464 92 5.41406 3149
380 108 464 100 5.39211 3149
380 28 476 24 5.69682 19
380 116 464 110 5.41537 2517
380 124 464 118 5.46984 5
388 132 472 126 5.41671 5
388 140 476 138 5.36288 2661
388 36 484 32 5.70265 12
388 148 476 146 5.44123 2483
388 156 478 152 5.43528 2661
388 164 478 162 5.45253 2661
388 172 480 170 5.41357 2483
388 44 484 40 5.61963 12
388 12 484 8 5.76644 12
388 196 468 192 5.329 147
388 204 470 202 5.26873 147
388 212 468 208 5.31131 154
388 60 482 56 5.48841 14
388 244 480 234 5.16819 147
388 252 490 242 5.25657 154
388 4 478 2 5.77837 12
388 268 482 256 4.80287 90
388 68 480 68 5.37045 48
388 20 484 16 5.76815 12
388 84 474 74 5.40604 3
388 348 396 354 4.83955 1730
388 356 396 360 4.8204 1730
388 92 472 82 5.37595 3
388 100 478 92 5.34453 1907
388 108 474 102 5.39401 5
388 28 484 24 5.71257 0
388 116 478 110 5.33113 5
388 124 474 118 5.45835 5
396 132 482 126 5.45915 5
396 140 482 136 5.42283 2391
396 36 492 32 5.69206 12
396 148 486 144 5.39804 2391
396 156 484 154 5.38661 2260
396 164 482 164 5.34647 2260
396 44 492 40 5.68674 81
396 180 482 178 5.00279 1276
396 188 470 190 5.03432 55
396 12 492 8 5.76903 12
396 196 476 192 5.27739 39
396 204 474 202 5.11118 39
396 52 492 50 5.67733 81
396 212 474 208 5.25146 39
396 236 490 234 4.91419 39
396 60 492 56 5.53068 19
396 244 498 234 4.95476 90
396 4 486 2 5.77837 12
396 68 490 64 5.23257 108
396 20 492 16 5.76846 12
396 332 406 332 4.81819 1730
396 84 482 74 5.38111 3
396 340 402 340 4.83036 1730
396 348 406 350 4.78979 1730
396 356 406 362 4.75805 1730
396 364 420 342 4.73421 564
396 92 482 82 5.36934 253
396 100 484 94 5.36833 253
396 108 484 102 5.43162 253
396 28 492 24 5.71711 0
396 116 482 110 5.424 253
396 124 480 118 5.41705 5
100 140 190 138 4.98318 5347
100 36 156 22 4.83277 905
100 148 192 146 5.05572 5347
100 44 156 28 4.85229 905
100 188 188 188 4.99394 4142
100 196 190 196 4.92417 4142
100 204 182 204 5.12891 5300
100 220 180 220 5.19939 5300
100 228 178 228 5.23625 5300
100 4 128 10 4.80488 142
100 300 134 336 4.29768 670
100 20 132 18 4.73041 142
100 364 198 360 4.55994 6711
100 108 150 90 4.81663 1100
100 124 182 120 4.91488 212
404 132 490 126 5.36408 420
404 140 490 136 5.3641 1950
404 36 498 32 5.69693 12
404 156 498 154 5.25802 2391
404 164 500 164 5.22561 2391
404 172 498 174 5.232 1950
404 180 504 182 5.08691 628
404 188 480 184 4.99031 1733
404 12 498 8 5.7509 81
404 196 480 192 5.11494 1934
404 204 482 202 4.74746 152
404 52 498 46 5.7382 12
404 60 498 56 5.54475 19
404 4 494 2 5.75825 81
404 76 496 70 5.46789 628
404 308 450 352 4.6764 3373
404 20 500 16 5.74257 81
404 84 496 78 5.46227 628
404 340 410 338 4.72975 2699
404 356 414 362 4.71781 2699
404 364 426 362 4.66815 564
404 92 492 84 5.40418 628
404 100 492 92 5.38361 628
404 108 490 100 5.3472 253
404 28 498 24 5.67818 19
404 116 490 110 5.43782 302
404 124 492 118 5.45754 302
412 132 500 128 5.40283 48
412 140 502 136 5.41134 4028
412 36 506 32 5.70104 12
412 148 502 146 5.42972 4028
412 156 506 154 5.39259 2988
412 164 506 162 5.41259 4028
412 180 502 178 5.15796 1155
412 188 488 184 5.11423 1733
412 12 506 8 5.72045 12
412 204 490 202 4.79543 2738
412 52 506 46 5.7382 12
412 212 488 208 4.98017 3644
412 220 488 216 5.11236 3656
412 228 488 224 5.11849 3656
412 60 502 50 5.6346 19
412 4 496 2 5.75509 12
412 268 466 290 4.59292 468
412 284 448 322 4.68454 3373
412 76 504 70 5.60216 1155
412 20 506 16 5.70056 12
412 84 504 78 5.57752 1155
412 364 432 362 4.74937 1199
412 92 500 84 5.47261 1155
412 100 500 92 5.48974 1155
412 108 504 104 5.51792 1155
412 28 506 24 5.67604 12
412 116 502 114 5.52598 1155
412 124 502 120 5.42127 810
420 132 512 128 5.45356 1907
420 140 512 136 5.52107 1904
420 36 514 32 5.6715 12
420 148 512 146 5.55148 1904
420 156 512 152 5.52537 1907
420 172 510 174 5.22045 2517
420 44 514 40 5.6585 12
420 12 514 8 5.70678 12
420 204 498 186 4.92891 2292
420 212 496 210 4.88639 3644
420 220 496 218 5.01347 17
420 60 512 52 5.58554 19
420 244 496 224 4.63047 81
420 68 512 62 5.54275 3149
420 276 486 310 4.76878 743
420 76 512 70 5.60412 676
420 20 514 16 5.69267 12
420 84 512 78 5.59931 676
420 340 450 334 4.74972 1199
420 364 450 360 4.73492 564
420 92 508 84 5.48352 1155
420 100 510 90 5.48612 2517
420 108 512 102 5.54451 676
420 28 514 24 5.67937 12
420 116 512 112 5.53172 676
420 124 512 120 5.52646 1907
428 132 520 128 5.42312 1907
428 140 520 136 5.55291 1904
428 36 522 30 5.65291 12
428 148 520 146 5.56253 1130
428 156 520 152 5.54708 1130
428 164 518 162 5.54966 448
428 172 520 170 5.46329 1130
428 44 522 40 5.65199 12
428 12 522 6 5.69817 12
428 212 502 192 5.0788 2161
428 236 506 250 5.328 112
428 60 522 54 5.54279 0
428 244 502 258 5.34383 112
428 252 494 268 5.14795 51
428 4 510 2 5.72419 12
428 260 498 280 5.09046 51
428 268 502 288 5.03049 51
428 68 520 62 5.56681 3149
428 284 502 302 5.01086 209
428 292 502 306 4.86383 99
428 300 476 356 4.73205 682
428 76 520 70 5.60446 676
428 84 520 76 5.5733 676
428 364 458 360 4.74615 564
428 92 520 86 5.53814 1155
428 100 520 94 5.54574 1155
428 108 520 102 5.50821 676
428 28 524 22 5.69277 12
428 116 520 112 5.56089 676
428 124 520 120 5.5259 1907
108 140 196 134 4.85628 4974
108 156 194 154 5.05366 4974
108 164 198 162 5.06531 4974
108 188 198 188 4.92092 4142
108 12 150 2 4.79844 122
108 204 190 204 5.17456 4012
108 212 190 210 5.17376 4012
108 220 188 220 5.19853 4012
108 228 186 228 5.22353 4012
108 4 136 8 4.84857 142
108 68 154 48 4.86332 316
108 308 110 352 4.33406 2386
108 20 154 14 4.81361 122
108 108 202 98 4.79315 4548
108 124 188 120 4.75641 118
436 132 528 130 5.46068 448
436 140 528 138 5.50451 448
436 36 530 30 5.61119 81
436 148 528 146 5.54128 1130
436 164 526 162 5.53581 277
436 44 530 38 5.50136 19
436 188 526 188 5.38502 4050
436 12 530 6 5.64982 19
436 196 526 194 5.20219 2280
436 52 530 46 5.47973 81
436 220 514 242 5.3873 264
436 60 528 54 5.47815 1155
436 244 510 258 5.36601 264
436 260 506 280 5.15781 2
436 68 528 60 5.51381 3502
436 284 510 302 4.99476 209
436 300 480 356 4.83133 648
436 76 528 70 5.58114 1155
436 20 532 14 5.64275 19
436 84 528 78 5.58409 1155
436 92 528 86 5.53283 1155
436 100 528 96 5.5105 1155
436 108 528 104 5.53201 1155
436 28 530 22 5.63115 19
436 124 528 120 5.48375 810
444 132 536 128 5.40712 1907
444 140 536 138 5.52756 448
444 36 538 30 5.57011 76
444 156 534 154 5.54571 277
444 172 534 170 5.5423 1130
444 44 538 38 5.49806 3211
444 180 534 180 5.52411 1155
444 188 534 188 5.48541 2289
444 12 540 6 5.49743 14
444 196 532 194 5.4291 2246
444 204 532 206 5.27598 2725
444 52 538 46 5.39829 76
444 236 518 248 5.36563 264
444 60 536 52 5.49669 1155
444 244 520 258 5.35043 264
444 252 518 266 5.13441 10
444 268 516 286 5.20909 2
444 68 536 60 5.51653 1155
444 276 510 290 5.0141 112
444 284 490 308 5.00531 138
444 76 536 68 5.56676 676
444 308 470 352 4.68671 1718
444 20 540 12 5.46727 14
444 332 438 328 4.7538 5324
444 84 536 78 5.58061 676
444 348 446 346 4.73375 3738
444 356 446 354 4.71368 3738
444 92 538 86 5.5349 1155
444 100 538 94 5.53763 1155
444 108 538 104 5.53964 676
444 28 538 22 5.55366 76
444 116 538 112 5.50739 676
444 124 536 120 5.43937 1907
28 132 96 136 4.52634 2523
28 140 122 140 4.67553 6871
28 148 122 148 4.67206 6871
28 172 114 174 4.56454 723
28 180 126 178 4.56957 8052
28 196 136 194 4.75211 1044
28 204 144 202 4.75086 1044
28 212 116 210 4.80446 6871
28 220 114 222 4.75385 6871
28 228 114 226 4.73535 6871
28 236 124 232 4.63889 8052
28 244 34 266 4.59383 1693
28 260 36 282 4.58396 6918
28 268 38 292 4.5241 1693
28 276 58 310 4.57463 6385
28 292 54 324 4.55168 8279
28 300 54 330 4.52924 8279
28 308 34 330 4.5218 3709
28 340 36 370 4.56329 6918
452 132 546 128 5.45461 448
452 140 544 138 5.51921 448
452 36 546 30 5.49138 4635
452 148 542 146 5.55443 1950
452 156 538 154 5.56843 277
452 164 542 162 5.58641 277
452 172 544 170 5.58993 277
452 44 546 40 5.47654 4635
452 180 542 178 5.56728 277
452 188 542 188 5.5599 1733
452 12 550 10 5.10679 420
452 196 542 196 5.51381 1934
452 204 542 202 5.38704 2292
452 212 550 212 5.31091 3106
452 220 550 218 5.3205 3106
452 228 532 238 5.30331 10
452 236 532 248 5.31491 264
452 60 546 54 5.52869 628
452 244 530 258 5.31691 264
452 252 530 270 5.20043 22
452 4 544 2 5.20681 224
452 260 524 282 5.14424 51
452 268 522 288 5.12283 51
452 68 546 60 5.54992 628
452 76 546 70 5.52589 1155
452 316 490 372 4.56942 648
452 20 550 18 5.31579 4423
452 84 546 78 5.5142 1155
452 92 546 86 5.52992 1155
452 100 544 94 5.54773 1155
452 108 544 104 5.50712 1155
452 116 544 112 5.52287 1155
452 124 546 120 5.4459 302
460 140 554 138 5.25874 2158
460 36 554 30 5.47642 4635
460 148 554 144 5.5436 1950
460 156 550 154 5.57698 277
460 164 550 162 5.59515 277
460 172 552 170 5.59125 277
460 44 554 40 5.43644 4635
460 180 552 180 5.58692 277
460 188 550 188 5.5552 1733
460 196 550 196 5.5288 1934
460 204 550 206 5.34917 2292
460 212 556 214 5.22082 3106
460 220 556 222 5.31542 3106
460 228 544 238 5.22609 211
460 236 542 246 5.26218 264
460 60 554 52 5.54693 628
460 244 538 258 5.33054 264
460 252 538 268 5.2491 22
460 68 554 60 5.54218 628
460 276 546 298 5.1388 112
460 284 506 314 4.96952 138
460 76 554 70 5.51382 1155
460 20 556 14 5.24957 524
460 84 554 78 5.52585 1155
460 92 554 86 5.54087 1155
460 100 554 94 5.53928 1155
460 108 554 102 5.47415 1155
460 28 554 22 5.36341 3832
460 116 554 110 5.51573 1155
460 124 554 120 5.4338 302
116 132 210 134 4.68648 416
116 140 206 134 4.85039 4974
116 148 206 144 4.94012 4974
116 156 204 154 5.04053 4974
116 164 204 162 5.07804 4974
116 188 190 178 4.88839 37
116 196 202 198 4.89335 4548
116 204 198 204 5.17819 4012
116 52 170 24 4.90618 316
116 212 198 212 5.19236 4012
116 220 198 220 5.19388 4012
116 228 196 228 5.22235 4012
116 244 134 252 4.61268 1861
116 268 66 302 4.51045 6933
116 284 110 316 4.44303 1253
116 300 24 354 4.3187 36093
116 100 206 86 4.92213 32
116 108 176 98 4.82629 1100
116 124 194 120 4.61458 118
468 36 562 30 5.50285 4635
468 148 562 144 5.49659 3502
468 156 560 154 5.52236 1155
468 164 558 162 5.5905 3502
468 172 560 170 5.58086 676
468 44 562 38 5.50488 4635
468 180 560 178 5.57094 676
468 188 560 188 5.54602 1733
468 196 558 196 5.51498 2246
468 204 560 204 5.38546 2292
468 52 562 44 5.42928 3502
468 212 566 214 5.36134 3106
468 220 566 220 5.37955 3106
468 236 550 248 5.30053 211
468 60 562 54 5.46531 1155
468 244 548 258 5.30662 22
468 252 546 268 5.31186 22
468 260 536 282 5.09275 151
468 268 550 292 5.17655 2
468 68 562 60 5.4931 1155
468 76 562 70 5.52936 1155
468 20 566 14 5.07816 3361
468 84 562 78 5.52482 1155
468 92 562 86 5.57166 1155
468 100 562 94 5.5567 1155
468 108 562 102 5.51289 1155
468 116 562 112 5.48089 1155
476 132 560 122 5.36335 2289
476 140 560 130 5.40085 2289
476 36 570 26 5.30521 3149
476 164 566 162 5.55667 1733
476 172 568 170 5.57264 676
476 44 570 36 5.40139 2622
476 180 568 180 5.57834 676
476 188 568 188 5.54757 1733
476 196 566 198 5.45676 1934
476 212 572 212 5.25553 3106
476 228 558 238 5.12487 22
476 236 558 248 5.28894 264
476 60 572 54 5.33202 676
476 244 558 260 5.27259 22
476 252 556 270 5.27337 22
476 4 574 0 5.05166 2482
476 260 544 282 5.14509 51
476 68 570 62 5.44664 3149
476 276 554 306 5.11422 93
476 284 538 312 5.09833 209
476 76 570 70 5.49723 676
476 84 570 78 5.52142 3149
476 92 570 86 5.556 3149
476 100 574 92 5.41219 2622
476 28 570 18 5.12552 2435
484 132 570 118 5.44897 676
484 140 570 130 5.44967 676
484 36 566 18 5.16724 1907
484 148 570 144 5.4368 1379
484 156 570 152 5.43019 448
484 164 570 160 5.43626 448
484 172 576 170 5.31264 1130
484 188 582 186 5.40646 1934
484 204 572 206 5.36197 2292
484 212 572 218 5.34502 3106
484 220 572 226 5.36644 3106
484 228 572 234 5.19764 6751
484 236 570 248 5.26786 2
484 60 578 52 5.08507 448
484 244 572 262 5.19963 2
484 252 570 272 5.239 2
484 4 582 0 5.0322 118
484 260 568 284 5.19089 2
484 268 568 294 5.14906 2
484 68 578 62 5.38276 808
484 276 566 304 5.11653 93
484 292 554 330 5.0077 1198
484 76 578 70 5.34264 808
484 84 578 76 5.40202 808
484 340 460 342 4.7296 4513
484 92 580 86 5.44414 808
484 100 578 92 5.37938 448
484 124 570 110 5.44902 676
492 132 578 118 5.42857 676
492 140 580 130 5.4261 676
492 36 578 16 5.16767 1907
492 148 582 142 5.48713 1130
492 156 584 154 5.49909 448
492 164 586 162 5.48746 448
492 172 584 170 5.56906 448
492 180 586 180 5.57141 448
492 188 584 188 5.46902 4155
492 196 586 198 5.40964 2246
492 204 578 208 5.34556 2975
492 52 582 30 5.16026 3193
492 212 578 218 5.38752 3106
492 220 578 224 5.40384 3106
492 236 578 248 5.25619 2
492 244 580 262 5.18212 2
492 252 580 274 5.20212 2
492 260 578 282 5.10924 2
492 268 576 294 5.13939 2
492 276 576 302 5.12536 93
492 284 570 306 5.02339 268
492 292 558 322 4.98685 190
492 76 586 70 5.38199 3006
492 308 566 352 4.83545 682
492 332 468 330 4.65895 4513
492 84 586 80 5.38761 1067
492 340 466 342 4.74048 4513
492 100 588 94 5.46509 808
492 108 586 104 5.46944 808
492 124 580 110 5.41039 676
124 36 164 16 4.86068 3529
124 180 204 170 4.92981 4153
124 188 202 176 4.88945 4153
124 204 206 202 5.19424 4153
124 52 166 32 4.9697 378
124 60 174 38 4.99189 409
124 68 174 50 5.03546 409
124 284 118 316 4.41443 1253
124 300 118 336 4.32743 1253
124 92 198 74 4.94826 61
124 124 206 114 4.79724 3852
500 132 596 128 5.43278 277
500 140 588 130 5.3328 676
500 148 594 142 5.5251 1067
500 156 594 154 5.57412 277
500 164 594 162 5.59855 1067
500 172 594 170 5.59525 1067
500 180 594 180 5.59294 448
500 188 594 188 5.53254 1733
500 196 594 196 5.50227 1934
500 204 594 206 5.43364 2292
500 52 586 28 5.24226 1907
500 212 594 214 5.42233 3106
500 220 592 222 5.41779 3106
500 228 564 242 5.19683 268
500 236 588 250 5.19501 259
500 60 590 34 5.23033 1907
500 244 590 262 5.13902 259
500 252 586 270 5.1319 111
500 260 586 284 5.11539 111
500 68 596 62 5.2092 808
500 284 580 308 5.10481 371
500 300 570 362 4.8999 648
500 76 596 68 5.43448 2280
500 324 576 372 4.56611 1177
500 84 596 76 5.44308 2280
500 92 596 86 5.41655 448
500 100 596 94 5.4915 808
500 108 594 102 5.4994 808
500 116 594 110 5.46974 1002
500 124 594 120 5.48259 1067
508 36 590 10 5.04935 1907
508 148 600 142 5.52106 1067
508 156 602 152 5.57716 448
508 164 602 162 5.60126 448
508 172 602 170 5.57976 1067
508 180 602 180 5.58614 277
508 188 602 188 5.53019 1733
508 196 602 196 5.4548 1934
508 204 600 206 5.36496 2292
508 52 598 30 5.11401 1907
508 220 600 222 5.34763 3106
508 236 598 250 5.11805 52
508 60 598 34 5.23432 1907
508 244 598 262 5.07185 22
508 252 594 272 5.12942 22
508 268 592 294 5.07977 151
508 68 606 54 5.31651 808
508 276 586 300 5.06548 371
508 284 588 306 5.07797 371
508 292 586 330 4.98185 1198
508 76 604 66 5.45342 2280
508 84 604 76 5.46942 2280
508 92 604 84 5.44444 1848
508 100 604 94 5.45233 1848
508 108 604 102 5.48247 1002
508 28 604 16 5.013 1623
508 116 604 110 5.48081 1002
508 124 604 120 5.48429 1067
1028 44 1140 14 4.86218 14509
1028 228 888 214 4.55382 15964
1028 244 1240 266 4.55606 20683
1044 132 1166 110 4.81099 17053
1044 148 1162 142 4.73674 15366
1044 164 1160 160 4.68296 14625
1044 292 1234 294 4.69837 17699
1044 76 1164 44 4.8829 15366
1044 92 1162 62 4.84849 14509
1044 108 1168 104 4.82472 15366
1044 28 1160 6 4.80093 15366
1044 116 1170 114 4.80895 15366
1052 36 1170 12 4.81413 14509
1052 156 1198 152 4.67415 14892
1052 188 880 162 4.56566 16697
1052 60 1174 34 4.86171 15366
1052 76 1172 44 4.87875 15366
1052 84 1170 50 4.87032 15366
1052 356 1086 82 4.75685 13881
1052 124 1176 104 4.82477 17053
1060 132 1178 120 4.84699 17053
1060 148 1166 144 4.75036 15366
1060 44 1180 8 4.81646 14625
1060 220 1050 246 4.44119 20540
1060 68 1182 32 4.8928 15366
1060 76 1180 50 4.87153 15366
1060 84 1182 58 4.87476 15366
1060 364 1206 358 4.73057 15605
1060 92 1176 64 4.85143 14509
1060 100 1176 72 4.84068 14625
1060 108 1186 108 4.8148 15366
1060 28 1182 0 4.66452 15366
1060 116 1180 94 4.82227 17053
1060 124 1178 114 4.83569 17053
1068 36 1186 6 4.73998 14509
1068 148 1176 144 4.75753 15366
1068 156 1174 154 4.67416 15906
1068 44 1186 10 4.7538 14625
1068 196 1126 2 4.65393 13881
1068 228 922 238 4.56439 15964
1068 236 922 246 4.59157 15964
1068 68 1190 30 4.90147 15366
1068 276 922 258 4.74841 15086
1068 284 916 264 4.68639 15086
1068 292 916 272 4.63821 15086
1068 76 1190 46 4.87604 15366
1068 308 1238 266 4.51614 14694
1068 84 1186 54 4.84205 15366
1068 100 1186 98 4.83215 15366
1068 108 1194 110 4.82674 15366
1068 124 1184 114 4.83972 17053
1076 212 1134 82 4.76062 20492
1076 228 928 242 4.58244 15964
1076 268 928 254 4.76309 15086
1076 276 928 258 4.76986 15086
1076 300 1090 336 4.44094 15588
1084 284 934 270 4.75955 15086
1084 300 1090 320 4.50354 16048
1092 268 940 254 4.75513 15086
1092 284 940 266 4.79783 15086
1092 292 940 274 4.73919 15086
1092 300 1100 320 4.51695 16048
1092 364 1124 366 4.62494 14330
1100 172 860 184 4.53382 15086
1100 220 1150 198 4.70133 19639
1100 268 1110 302 4.63166 14232
1100 284 946 262 4.70526 15206
1108 172 952 174 4.51996 15429
1108 196 866 218 4.61911 15206
1108 236 1126 48 4.83019 14440
1108 364 1130 332 4.78606 16956
1108 116 960 142 4.46559 18113
1108 124 960 150 4.48421 18113
1116 228 1130 38 4.84695 14440
1116 236 1130 48 4.813 14440
1116 244 1128 60 4.85975 14440
1116 348 1154 332 4.78622 17452
1116 356 1134 326 4.79334 16956
1124 188 874 206 4.66805 15206
1124 204 1168 188 4.67588 17904
1124 220 940 194 4.66334 16437
1132 196 880 216 4.67848 15206
1132 228 946 198 4.66962 16437
1132 236 1160 216 4.63364 16404
1132 276 1176 284 4.70312 17218
1140 188 880 184 4.56315 22238
1140 196 1160 22 4.67124 14440
1140 228 1168 206 4.65949 13490
1148 164 1234 164 4.43857 23902
1148 172 1176 166 4.54042 17904
1148 196 910 198 4.64427 27327
1148 212 910 206 4.61942 23642
1148 228 910 214 4.63358 23642
1148 236 912 222 4.62889 23642
1148 244 1168 80 4.71073 14440
1156 188 916 190 4.62092 27327
1156 236 922 224 4.63422 23642
1156 260 918 230 4.56389 22238
1156 308 1178 330 4.80518 17632
1164 204 1210 2 4.66607 14814
1164 212 862 192 4.63817 48251
1164 292 1196 330 4.82269 15580
1164 316 1186 318 4.80446 17758
1172 172 1132 246 4.32854 26457
1172 212 868 192 4.65079 48251
1172 220 866 200 4.65593 48251
1172 260 1202 270 4.61675 19159
1172 348 1122 316 4.75448 17904
1172 356 1120 324 4.76423 17904
1180 260 1214 270 4.63165 19159
1180 268 1186 278 4.72244 17452
1180 300 1182 298 4.79008 18082
1180 308 1192 304 4.84749 17758
1180 316 1198 346 4.80934 15152
1180 332 1196 294 4.81856 13490
1188 252 1130 258 4.62241 19592
1188 268 1210 276 4.76965 16911
1188 276 1214 284 4.86599 16956
1188 292 1160 294 4.76335 21140
1188 300 1144 286 4.79794 17904
1188 308 1218 318 4.82996 17935
1188 316 1198 314 4.82134 17758
1188 340 1204 306 4.82981 13490
1188 348 1130 312 4.7868 17904
1196 196 1238 184 4.58662 15414
1196 236 946 200 4.6586 27376
1196 252 1210 64 4.61352 14440
1196 268 1202 274 4.77806 17632
1196 308 1224 322 4.80127 17935
1196 316 1224 330 4.81346 17935
1196 324 1150 314 4.81736 17904
1196 340 1216 306 4.81273 13490
1196 348 1140 312 4.79715 17904
1196 356 1140 320 4.77906 17904
1204 276 1222 280 4.87391 17758
1204 284 1214 290 4.84889 16956
1204 300 1218 296 4.84052 17758
1204 308 1234 314 4.85498 17935
1204 316 1232 320 4.8814 17935
1204 340 1196 302 4.83966 20219
1204 348 1160 338 4.84562 17904
1212 132 1190 134 4.71846 20836
1212 148 1154 148 4.63382 25959
1212 220 1226 158 4.65712 18680
1212 260 1234 44 4.63885 13965
1212 268 1224 276 4.73629 17632
1212 276 1222 278 4.80072 16956
1212 292 1140 280 4.83174 19248
1212 308 1140 292 4.84975 20540
1212 324 1238 336 4.78261 17935
1212 332 1152 312 4.82676 20540
1212 340 1160 330 4.83152 17904
1212 348 1222 336 4.83714 17602
1212 364 1220 358 4.79513 13501
1220 132 1198 134 4.72308 20836
1220 148 1210 146 4.63437 20836
1220 212 948 182 4.59069 32239
1220 276 1240 274 4.75371 17758
1220 308 1152 294 4.81897 19248
1220 332 1178 322 4.87379 17904
1220 348 1170 334 4.87084 17904
1220 356 1170 346 4.85569 17904
1228 132 1208 134 4.69176 20836
1228 212 980 174 4.47601 23477
1228 236 1200 248 4.56218 14942
1228 252 964 224 4.50832 15206
1228 268 1210 262 4.39593 22680
1228 300 1152 284 4.81594 20540
1228 324 1224 298 4.80788 20219
1228 332 1218 294 4.86715 20219
1228 340 1240 324 4.8634 17602
1228 348 1240 332 4.8508 17602
1228 356 1182 346 4.81027 17904
1228 124 1220 128 4.67204 20219
1236 140 1222 140 4.65833 20836
1236 148 1222 146 4.66919 20836
1236 220 1240 42 4.44649 40135
1236 228 1234 170 4.44574 24606
