516 132 648 128 5.46481 6346
516 140 650 138 5.51089 4485
516 36 650 30 5.48231 3117
516 148 650 146 5.51292 4485
516 156 648 154 5.50299 5739
516 44 638 36 5.47467 3866
516 12 648 4 5.50212 3117
516 204 594 166 4.9025 4737
516 52 638 44 5.3826 4065
516 220 702 216 4.59556 6456
516 60 650 50 5.32548 3767
516 68 648 60 5.40625 5739
516 76 648 68 5.41674 3687
516 20 650 12 5.52839 3117
516 84 650 78 5.42706 3687
516 92 648 86 5.43901 4415
516 100 648 94 5.49829 5179
516 108 648 104 5.50942 5179
516 28 650 20 5.50127 3866
516 116 650 112 5.49133 5179
516 124 650 120 5.45024 5179
524 132 658 130 5.58896 5179
524 140 658 138 5.59323 5179
524 36 658 28 5.42328 4020
524 148 658 146 5.58769 5179
524 156 658 154 5.56935 5179
524 164 658 162 5.18877 6375
524 44 658 36 5.27947 3344
524 188 674 180 4.80951 1379
524 204 606 166 4.82029 4737
524 52 658 40 5.38607 3866
524 220 686 238 4.52209 6891
524 228 688 248 4.55108 6891
524 60 658 50 5.46211 4065
524 68 658 60 5.45137 5179
524 76 658 66 5.47058 3117
524 20 658 12 5.44966 3344
524 84 658 76 5.47341 3117
524 92 658 86 5.48051 4065
524 100 658 94 5.53416 5179
524 108 658 102 5.52457 5179
524 28 658 20 5.44088 3344
524 116 658 112 5.52705 5179
524 124 658 120 5.52995 4065
132 140 254 138 4.87557 3466
132 148 256 150 4.89022 821
132 180 246 182 5.05552 1
132 188 256 190 5.14487 821
132 196 256 198 5.13745 821
132 212 242 214 5.18335 3
132 220 242 226 5.25652 3
132 244 170 262 4.88856 4902
132 252 168 266 4.81239 5999
132 260 174 276 4.77908 4902
132 268 150 274 4.64853 128
132 68 174 40 4.65396 576
132 276 146 280 4.683 709
132 308 154 304 4.23344 516
132 324 144 336 4.19183 128
132 340 146 346 4.20766 128
132 348 146 354 4.26571 128
132 116 254 114 4.83277 3466
132 124 254 122 4.92866 821
532 132 666 130 5.58086 5179
532 140 666 138 5.58787 5179
532 36 666 28 5.39389 3687
532 148 666 146 5.58405 5179
532 156 668 154 5.55962 5179
532 164 666 160 5.18021 6375
532 172 670 174 4.9175 6300
532 44 666 36 5.27566 3344
532 12 666 2 5.40486 3687
532 52 666 42 5.37962 3866
532 60 668 50 5.43954 4065
532 244 700 274 4.45588 600
532 68 666 58 5.46649 5179
532 76 666 68 5.48009 3117
532 20 666 10 5.44864 3344
532 84 666 76 5.4719 3117
532 92 666 86 5.49377 4065
532 100 666 94 5.52201 5179
532 108 668 102 5.49488 5179
532 28 666 20 5.41527 3344
532 116 666 112 5.49335 5179
532 124 666 120 5.54298 4065
540 132 676 130 5.52953 5179
540 140 676 138 5.54534 5179
540 36 674 28 5.20631 3253
540 148 676 146 5.59255 5179
540 156 676 154 5.57768 5179
540 172 682 166 5.06713 6519
540 44 674 34 5.27915 3117
540 188 648 174 4.88535 2991
540 12 674 2 5.37123 3253
540 52 676 42 5.39338 3866
540 220 650 280 4.41396 2167
540 236 682 258 4.46929 929
540 60 676 50 5.45019 4065
540 68 674 58 5.46062 4065
540 276 712 338 4.5792 2526
540 300 706 342 4.68833 1306
540 76 676 68 5.45638 3117
540 308 704 350 4.69123 2526
540 316 714 370 4.72783 1370
540 20 674 10 5.37861 3253
540 332 706 372 4.68126 2526
540 84 676 76 5.47272 3866
540 92 676 84 5.50764 4065
540 100 676 94 5.48902 4065
540 28 676 18 5.27551 3253
540 116 676 110 5.50959 5179
540 124 676 120 5.50619 5179
548 132 684 130 5.51891 5179
548 140 684 138 5.52199 5179
548 36 682 26 5.24283 3117
548 148 684 146 5.57989 5179
548 156 686 154 5.58878 5179
548 172 690 170 5.02586 6519
548 44 684 32 5.29579 3117
548 180 688 178 4.96432 3767
548 188 658 174 4.83187 2991
548 12 684 0 5.39121 3117
548 52 684 40 5.39882 3866
548 60 684 50 5.46114 4065
548 268 698 318 4.60787 2344
548 76 684 68 5.46054 3117
548 308 720 360 4.71203 1370
548 316 722 370 4.70327 1370
548 20 684 8 5.32683 3117
548 84 684 74 5.47308 3866
548 92 684 84 5.51506 4065
548 100 684 94 5.49468 4065
548 108 684 104 5.46223 5179
548 28 682 18 5.24533 3866
548 116 684 112 5.52454 5179
548 124 684 120 5.51433 5179
556 140 692 128 5.15137 5682
556 36 692 26 5.29298 5739
556 148 694 146 5.46913 5682
556 156 694 154 5.46198 5682
556 164 698 162 5.23867 6597
556 172 698 174 5.13244 6519
556 44 692 32 5.35246 5739
556 180 698 180 5.00589 3767
556 188 698 186 4.86361 2152
556 12 694 6 5.09166 4020
556 204 718 210 4.75867 5539
556 52 692 40 5.32513 6597
556 212 720 220 4.78751 6283
556 220 706 242 4.90052 6213
556 236 706 254 4.66961 527
556 60 692 48 5.35714 4415
556 244 706 278 4.64389 929
556 260 732 310 4.65747 1370
556 268 682 306 4.64126 527
556 68 694 58 5.38469 5739
556 276 724 338 4.73219 2526
556 284 728 344 4.67646 1370
556 300 690 344 4.66481 813
556 76 692 66 5.43305 3687
556 308 722 358 4.6922 1370
556 20 692 14 5.19982 3344
556 84 692 76 5.44087 5739
556 92 694 84 5.46438 4415
556 100 692 94 5.44247 4415
556 108 692 102 5.4295 4415
556 28 692 16 5.30753 4171
556 116 692 110 5.43801 4415
556 124 694 118 5.21683 5682
140 132 262 132 5.03006 3466
140 140 264 140 5.02052 3466
140 148 264 150 4.93814 921
140 156 266 160 4.85685 921
140 44 246 18 4.66614 1233
140 180 264 178 4.96687 1
140 188 264 190 5.16063 632
140 196 264 198 5.13078 632
140 212 254 214 5.03576 3
140 228 246 234 5.18502 3
140 60 206 38 4.63647 4474
140 244 178 260 4.95926 4902
140 252 178 270 4.91156 5999
140 260 180 278 4.87142 4902
140 276 162 282 4.68408 128
140 76 236 66 4.78827 1233
140 20 254 2 4.68112 927
140 100 240 80 4.79545 1233
140 108 264 108 4.84642 1233
140 28 254 10 4.69007 927
140 116 264 114 4.97263 3391
140 124 264 124 4.98288 821
564 132 718 112 5.12738 4135
564 36 700 26 5.39788 5739
564 148 704 146 5.45885 5739
564 156 704 154 5.44799 5739
564 164 704 162 5.32863 6597
564 172 710 172 5.0415 6519
564 44 700 34 5.36984 5739
564 180 704 182 4.81651 3862
564 188 704 186 4.83926 2152
564 12 698 6 5.17148 3687
564 52 700 42 5.31462 6597
564 220 714 242 4.87205 6213
564 228 714 248 4.87385 6213
564 60 700 52 5.34388 4171
564 244 726 276 4.65238 1755
564 252 724 282 4.64931 1755
564 260 742 314 4.62096 1370
564 268 742 322 4.54658 1370
564 68 702 58 5.37213 5739
564 276 730 338 4.72145 2526
564 300 732 362 4.68434 2526
564 76 702 66 5.43687 3687
564 20 700 10 5.19711 3344
564 324 632 372 4.64485 890
564 332 700 372 4.63603 1608
564 84 702 74 5.43348 5739
564 92 702 84 5.44341 5739
564 100 702 92 5.37992 3687
564 108 698 106 5.30618 4171
564 28 700 18 5.25021 4171
564 116 702 112 5.31309 4171
564 124 704 116 5.16327 5739
572 132 730 112 5.12156 4135
572 140 714 130 5.06967 6204
572 36 710 26 5.34472 6204
572 156 714 154 5.09876 6204
572 164 712 162 5.0222 6586
572 172 712 172 5.09508 6476
572 44 710 32 5.329 6204
572 180 714 178 4.85288 4004
572 204 732 210 4.86092 2028
572 52 708 46 5.17544 6204
572 212 714 228 4.65847 6213
572 236 696 270 4.56509 655
572 60 708 52 5.24834 3703
572 244 696 280 4.77365 527
572 4 704 2 4.76837 5625
572 68 710 58 5.23298 5844
572 76 710 66 5.31242 3703
572 20 718 14 5.09818 2744
572 84 710 76 5.36193 3703
572 92 708 84 5.21275 6204
572 100 710 96 5.03736 3886
572 28 714 22 5.1587 3703
572 116 730 90 5.06028 4135
572 124 732 102 5.07551 3751
36 140 78 136 4.33997 3490
36 148 170 150 4.47177 1248
36 44 106 42 4.57146 3566
36 180 172 182 4.84273 1248
36 188 170 190 4.91137 2075
36 196 172 196 4.84305 2075
36 204 170 202 4.71454 2075
36 212 170 214 4.72728 2075
36 220 174 226 4.72224 3974
36 236 92 248 4.56335 3438
36 244 86 266 4.60755 2042
36 268 80 280 4.52861 3490
36 84 136 78 4.42396 2155
580 132 740 114 5.02465 3751
580 140 714 138 5.05346 6586
580 36 718 26 5.28706 5844
580 148 718 146 5.09729 5844
580 156 722 154 5.15207 6586
580 164 722 164 5.14131 6586
580 172 724 172 5.09868 2930
580 44 722 34 5.24114 5844
580 180 724 180 5.01078 2930
580 188 724 190 5.01951 1970
580 196 724 200 4.99997 1412
580 204 740 208 4.84949 2028
580 52 718 42 5.13615 5844
580 212 742 222 4.81991 6456
580 220 742 226 4.81279 6456
580 228 722 240 4.74304 6213
580 236 706 270 4.6597 655
580 60 718 50 5.25754 3703
580 244 706 280 4.76434 527
580 4 726 10 4.82573 3645
580 268 746 320 4.66112 2228
580 68 718 60 5.35246 5844
580 300 736 358 4.70121 3482
580 76 718 66 5.35908 3703
580 84 718 76 5.35691 3703
580 92 714 86 5.1369 5844
580 100 710 90 4.99321 2130
580 108 730 104 4.99186 4004
580 28 722 22 5.25 3703
580 116 742 90 5.04033 3970
580 124 742 102 5.08245 3751
588 140 742 136 5.14411 3751
588 36 728 24 5.1983 3254
588 148 742 146 5.18544 3751
588 156 734 158 5.1272 3252
588 164 732 164 5.0517 3252
588 172 732 172 5.13235 3252
588 180 732 182 5.12414 3252
588 188 732 192 5.0369 1379
588 196 730 202 4.81083 1412
588 52 728 42 4.90895 6403
588 212 752 222 4.85518 6456
588 220 754 226 4.90496 6456
588 60 728 50 5.20267 4060
588 244 714 280 4.57967 6432
588 252 752 278 4.58761 1755
588 260 756 314 4.60509 2228
588 268 758 322 4.69163 2228
588 276 706 316 4.64333 2630
588 284 750 342 4.6053 3482
588 292 746 348 4.67481 3482
588 300 744 358 4.71416 3482
588 76 730 62 5.16633 4060
588 324 736 362 4.70951 1306
588 332 744 370 4.67623 3482
588 84 730 72 5.02912 4060
588 28 728 16 5.15034 3254
588 116 750 98 4.97251 3751
148 132 270 130 4.57039 632
148 180 272 182 5.10019 1
148 188 272 190 5.15287 632
148 204 260 208 5.0161 967
148 212 260 216 5.16695 3
148 220 260 224 5.34881 1148
148 228 258 234 5.31774 1148
148 60 216 38 4.6801 3971
148 260 188 276 4.9355 4902
148 268 158 274 4.69421 128
148 68 222 58 4.73352 5637
148 276 222 338 4.72336 2267
148 76 224 62 4.7395 4474
148 324 160 334 4.16936 128
148 84 224 70 4.75239 4474
596 132 766 114 4.82937 4760
596 140 746 136 5.16971 3751
596 36 736 24 5.21773 3254
596 148 746 146 5.18883 3751
596 156 742 154 5.18538 2930
596 164 740 164 5.17908 2930
596 172 740 172 5.17061 2930
596 44 736 34 5.10262 2744
596 180 740 182 5.15352 2930
596 188 742 190 5.09013 1970
596 196 742 200 4.98838 1412
596 204 752 206 4.75681 2940
596 52 738 42 5.00741 3254
596 220 756 232 4.78606 6456
596 236 756 244 4.39771 8414
596 4 738 2 4.68411 2053
596 268 712 306 4.6387 2336
596 292 752 346 4.4898 3048
596 76 742 54 4.93051 3254
596 324 746 366 4.66042 1306
596 84 742 62 4.90999 3254
596 92 740 82 4.95696 5236
596 28 736 14 5.18725 3254
596 116 762 98 4.96706 3751
596 124 762 94 4.98316 3970
604 132 770 114 4.93523 3751
604 156 750 154 5.28738 3751
604 164 750 164 5.26839 3751
604 172 750 172 5.22949 3252
604 44 744 34 5.00782 3404
604 180 750 182 5.23725 3252
604 188 750 192 5.12682 1379
604 52 744 42 5.04064 3404
604 212 762 224 4.5541 6456
604 236 710 216 4.37833 1226
604 68 746 54 5.06263 2269
604 292 656 326 4.35209 5214
604 300 652 320 4.46597 4944
604 76 748 64 5.00884 3970
604 316 790 362 4.44474 2200
604 84 748 74 5.02778 3970
604 92 750 82 4.98017 3970
604 28 750 26 4.94659 3404
604 116 768 94 4.84284 4760
604 124 760 104 4.88402 3970
612 132 784 116 4.92568 4760
612 140 762 134 5.06601 3751
612 148 762 146 5.13689 5400
612 156 760 154 5.27315 3751
612 164 760 164 5.2795 3751
612 172 760 172 5.22614 3252
612 44 754 32 4.9152 2269
612 180 760 182 5.19059 3252
612 188 760 190 5.03649 1379
612 12 754 6 4.77229 1622
612 60 758 46 5.13088 4760
612 244 748 282 4.37511 527
612 260 752 310 4.3574 1477
612 68 758 54 5.11018 4760
612 76 756 66 4.95347 5169
612 20 754 14 4.76194 1622
612 84 758 78 4.94025 5169
612 348 640 366 4.64076 4944
612 108 786 82 4.91405 5169
612 116 770 96 4.93287 3751
612 124 786 108 4.88888 4760
620 36 766 26 4.97392 4101
620 156 768 154 5.05663 4760
620 44 764 34 5.01746 4760
620 12 762 6 4.79696 3238
620 60 766 44 5.10339 4760
620 244 766 216 4.3286 629
620 68 766 52 5.12482 4760
620 76 766 62 5.08766 1716
620 20 770 14 4.83996 1716
620 356 646 370 4.61888 5214
620 108 794 82 4.97543 5169
620 28 770 20 4.9525 3520
620 116 776 112 4.89137 4780
620 124 772 86 4.88733 3238
156 132 274 132 5.23164 959
156 140 276 140 5.23746 959
156 148 276 148 5.20964 959
156 156 276 156 5.19847 959
156 164 276 166 5.06164 715
156 220 268 224 5.40273 680
156 228 266 234 5.36297 680
156 60 270 30 4.8451 1546
156 260 366 266 5.29424 506
156 76 252 60 4.84194 1233
156 340 170 344 4.17386 128
156 348 166 358 4.1305 5999
628 132 798 122 4.86767 3713
628 140 796 130 4.95396 3713
628 36 772 26 4.97995 4101
628 148 776 144 5.03584 5851
628 156 778 154 5.08551 3983
628 164 778 162 5.07001 3983
628 44 774 32 4.98108 3983
628 180 782 176 4.71043 3073
628 52 774 42 4.93963 3983
628 60 776 44 5.09523 3520
628 68 776 54 5.0038 3520
628 276 638 286 4.436 7424
628 300 636 304 4.5101 7515
628 76 776 64 5.01786 1716
628 84 776 72 4.97969 3520
628 100 776 90 4.97514 3983
628 108 776 100 4.96614 3713
628 124 796 108 4.92941 3627
636 132 806 120 5.00754 4695
636 140 810 130 5.00745 4695
636 36 782 22 4.89946 3428
636 156 786 154 5.02865 5851
636 164 784 164 4.97684 3627
636 172 784 172 4.89064 4861
636 180 784 180 4.6454 1458
636 204 652 208 4.32562 3622
636 60 778 62 4.86436 4300
636 260 642 264 4.33601 7515
636 276 642 290 4.43017 7424
636 300 646 302 4.52648 7515
636 308 644 312 4.43072 7515
636 100 784 90 4.86608 3713
636 108 784 102 4.90692 3713
636 28 786 16 4.8792 3428
636 116 808 94 4.72719 2591
636 124 806 108 4.92237 3627
644 132 818 118 5.01925 4695
644 140 818 130 4.96955 4695
644 36 792 18 4.8404 4695
644 148 790 144 4.94789 5851
644 172 794 172 4.91399 5851
644 44 786 38 4.912 3428
644 180 794 182 4.895 2000
644 188 798 192 4.74423 2258
644 196 796 202 4.62861 965
644 204 796 214 4.45849 1955
644 52 784 50 4.84906 3428
644 212 658 214 4.33432 3622
644 220 654 224 4.29005 8751
644 236 654 240 4.46314 3622
644 60 794 42 4.84363 4695
644 268 648 272 4.35868 2775
644 284 656 296 4.31881 7424
644 292 654 298 4.28807 7515
644 300 656 304 4.3321 7515
644 308 654 318 4.36523 7515
644 92 822 58 4.81171 2914
644 28 790 14 4.87584 3428
644 116 816 102 4.80107 5851
644 124 816 108 4.89249 2914
652 140 802 138 4.84123 4433
652 36 800 20 4.7997 3130
652 148 798 146 5.01267 4147
652 164 800 164 5.10472 1940
652 188 806 190 4.91216 1756
652 196 806 202 4.91254 611
652 204 800 208 4.62896 1150
652 220 664 222 4.35876 8751
652 228 664 232 4.4064 8751
652 236 664 240 4.41979 3622
652 244 662 250 4.29067 3622
652 260 656 266 4.26348 7515
652 268 658 272 4.33781 2775
652 276 656 280 4.34078 2775
652 300 664 304 4.30187 7515
652 84 822 78 4.82687 1756
652 100 822 80 4.78616 4433
652 28 800 14 4.8571 3130
164 132 282 132 5.27609 1189
164 140 282 140 5.3398 754
164 148 282 148 5.39566 855
164 156 282 158 5.37961 855
164 164 282 166 5.33233 754
164 172 282 172 5.26101 855
164 196 282 200 5.25218 976
164 228 276 234 5.3878 629
164 60 258 42 4.90033 565
164 20 266 0 4.97107 855
164 84 248 72 4.85835 1782
164 92 248 82 4.92821 1782
164 108 276 106 4.79559 725
164 28 264 8 4.91054 855
164 116 278 118 5.03295 976
164 124 278 122 5.27022 629
660 132 814 126 4.65393 4659
660 140 810 136 4.93024 4433
660 36 830 42 4.72534 4626
660 148 808 146 4.96758 4147
660 156 806 156 5.10355 1940
660 172 806 172 5.0938 1940
660 180 806 182 5.10664 1940
660 188 816 194 4.8912 611
660 196 816 202 4.96937 611
660 204 822 210 4.61009 2357
660 212 824 222 4.53407 7252
660 236 672 242 4.3883 3622
660 60 810 46 4.78957 3765
660 244 670 248 4.38517 3622
660 260 786 224 4.25521 754
660 300 654 310 4.24696 2775
660 76 828 54 4.86511 965
660 20 806 4 4.7024 1472
660 84 828 62 4.88025 965
668 148 820 150 5.01076 4147
668 156 820 154 5.05781 1940
668 164 820 164 5.04842 1940
668 172 818 174 5.07146 2000
668 180 818 178 5.03737 2000
668 196 834 204 4.65791 2357
668 204 834 210 4.67396 2357
668 212 834 222 4.55424 7252
668 220 814 218 4.31359 5654
668 228 846 246 4.26389 1604
668 252 850 290 4.29117 1044
668 292 814 344 4.30893 5533
668 308 666 314 4.45462 8010
668 316 666 322 4.48907 8010
668 324 666 334 4.46648 8564
668 332 666 342 4.36796 8564
676 132 830 128 4.85413 2258
676 140 828 138 4.84196 2000
676 148 828 150 5.0259 4147
676 156 828 154 5.08381 1940
676 164 828 164 5.0433 1940
676 172 826 170 4.89131 4147
676 180 826 178 4.83239 1940
676 196 842 204 4.64043 1955
676 204 844 212 4.72544 1955
676 52 826 34 4.60047 5391
676 212 846 220 4.69034 3952
676 260 846 284 4.21707 1697
676 268 846 310 4.21955 1825
676 284 818 334 4.35498 3077
676 292 820 344 4.39065 5741
676 76 826 64 4.89501 965
676 20 822 8 4.57652 1294
676 100 826 86 4.87787 965
676 108 828 102 4.68734 4761
684 132 838 128 5.12545 4433
684 140 840 136 5.12379 1940
684 36 838 20 4.60135 4659
684 148 838 146 5.12204 1940
684 156 838 154 5.03333 4659
684 164 838 166 4.98343 4433
684 172 856 170 4.78012 965
684 44 838 28 4.82819 4433
684 180 856 182 4.79522 965
684 188 856 192 4.85433 965
684 196 856 202 4.84358 965
684 204 854 212 4.77671 1955
684 52 838 38 4.88746 4433
684 212 852 222 4.69834 3952
684 60 838 46 4.9307 1940
684 260 854 282 4.27834 1697
684 68 838 54 5.14946 1756
684 276 856 334 4.11079 1649
684 284 826 334 4.30965 3077
684 292 824 342 4.3993 3077
684 76 838 64 5.15724 4433
684 84 838 72 5.15044 4433
684 92 838 82 5.17799 4433
684 100 838 92 5.17737 4433
684 108 838 98 5.09975 4147
684 28 840 14 4.64401 3158
684 124 842 118 5.07215 4433
172 132 290 132 5.22912 1189
172 148 294 148 5.42174 513
172 156 294 156 5.39634 513
172 164 294 164 5.34411 1542
172 172 294 174 5.36736 513
172 44 274 30 4.95206 1096
172 180 294 180 5.28895 1038
172 188 294 192 5.22418 629
172 196 294 200 5.15737 976
172 212 286 214 5.38967 943
172 220 286 224 5.42398 656
172 228 282 234 5.4863 656
172 20 274 0 4.95729 855
172 100 278 80 4.92644 258
172 108 286 104 4.92453 574
172 116 284 114 5.11467 910
172 124 286 122 5.28901 629
692 132 848 128 5.10914 4433
692 140 848 136 5.11563 1940
692 36 846 22 4.67391 4659
692 148 846 146 5.06218 1940
692 156 846 154 5.01059 4659
692 164 866 162 4.89755 2258
692 172 864 170 4.91579 2258
692 44 848 28 4.86071 4433
692 180 864 182 4.87649 965
692 188 866 192 4.87901 965
692 196 866 202 4.88546 965
692 204 864 212 4.79265 1955
692 52 850 36 4.64166 4433
692 212 866 222 4.73868 5308
692 60 850 42 4.66943 1940
692 68 846 54 5.10762 1756
692 76 848 64 5.15696 4433
692 84 848 72 5.1188 4433
692 92 848 82 5.16458 4433
692 100 848 92 5.16089 4433
692 108 848 98 5.09863 4147
692 116 848 108 5.0693 1940
692 124 848 118 5.12977 4433
700 132 858 126 4.92619 4433
700 140 858 136 5.02956 1940
700 36 856 18 4.73703 4659
700 148 860 146 4.97865 1940
700 156 860 154 4.95346 4659
700 164 874 162 4.87275 2258
700 172 874 174 4.82608 2258
700 44 858 26 4.78627 4433
700 180 874 182 4.77882 965
700 188 874 192 4.80638 965
700 196 874 200 4.69093 965
700 204 878 212 4.61299 5626
700 52 856 38 4.84643 4433
700 212 878 222 4.68591 5626
700 220 882 230 4.52637 6490
700 228 842 256 4.45582 4773
700 268 844 314 4.13193 493
700 76 858 62 5.17864 4433
700 84 858 72 5.16751 4433
700 92 858 82 5.09706 4433
700 100 858 90 5.13708 4433
700 108 858 100 5.12451 4147
700 28 862 10 4.4667 3158
700 116 858 110 5.06339 1940
700 124 858 118 5.10716 1756
44 132 90 126 4.43587 6733
44 140 86 136 4.46973 6733
44 36 84 8 4.60352 6992
44 148 86 144 4.33948 10662
44 156 174 156 4.66552 2773
44 164 172 164 4.84733 3974
44 172 174 172 4.87147 3974
44 228 176 238 4.68615 3938
44 236 86 260 4.53877 3163
44 4 118 32 4.67909 947
44 268 94 286 4.49214 3163
44 84 134 84 4.43296 5740
44 100 158 98 4.56363 947
708 132 868 126 5.06181 4433
708 140 868 136 5.08177 1940
708 36 866 16 4.76321 4659
708 148 868 146 5.0896 1940
708 44 866 26 4.90777 4433
708 180 866 184 4.71073 1940
708 52 866 34 4.92855 4433
708 220 848 246 4.41274 4773
708 228 850 256 4.46762 4773
708 60 868 46 4.98437 1940
708 4 814 0 4.29111 1756
708 268 854 314 4.23865 3077
708 68 866 54 5.05014 1756
708 284 854 330 4.19367 3077
708 292 846 340 4.28689 1583
708 76 868 62 5.18351 4433
708 84 868 72 5.19458 4433
708 92 868 82 5.1612 4433
708 100 868 90 5.16218 4433
708 108 868 100 5.15542 4147
708 116 868 108 5.11593 1940
708 124 868 118 5.1092 1756
716 132 874 126 4.87293 6004
716 140 874 136 4.70276 5676
716 148 876 146 4.55793 3078
716 156 898 158 4.5975 5103
716 164 902 164 4.74809 6942
716 172 900 170 4.73211 6942
716 44 878 26 4.76907 6004
716 180 900 182 4.72403 6942
716 188 900 194 4.63056 6942
716 196 898 204 4.43488 4089
716 204 898 214 4.52325 4089
716 52 876 38 4.69834 6004
716 220 906 230 4.46053 6942
716 228 858 256 4.43464 4773
716 284 864 332 4.19235 3077
716 292 856 342 4.28691 5883
716 92 882 82 4.37511 4631
716 108 876 100 4.61214 6004
180 132 302 130 5.21404 1189
180 140 302 140 5.30823 1602
180 36 292 12 4.91377 1437
180 148 302 148 5.40219 513
180 156 302 156 5.37329 513
180 164 300 166 5.31894 1542
180 172 302 172 5.31649 513
180 44 294 18 4.9189 1437
180 180 304 178 5.22612 1038
180 188 302 182 5.16156 513
180 52 276 44 4.90936 695
180 212 294 216 5.41789 943
180 220 292 224 5.46643 656
180 228 290 234 5.47882 656
180 60 278 50 4.92709 1672
180 292 206 308 4.73162 16
180 76 284 72 4.96198 1228
180 108 290 104 4.97937 574
180 28 292 2 4.8424 1038
180 116 290 112 5.16372 910
180 124 294 122 5.17425 656
724 132 890 126 4.70066 4838
724 148 886 138 4.51689 7252
724 164 906 164 4.89659 5393
724 172 908 172 4.95824 4838
724 44 880 22 4.60002 6202
724 180 908 182 5.00048 6203
724 188 908 192 5.01494 6203
724 196 908 202 4.96109 6203
724 204 906 212 4.98214 6203
724 212 910 222 4.83161 7252
724 220 914 232 4.4174 6942
724 228 866 256 4.42996 4773
724 60 880 50 4.6432 5893
724 260 874 296 4.12461 5275
724 268 870 304 4.13359 5275
724 324 772 352 4.26093 6078
724 84 886 74 4.68544 6203
724 92 888 80 4.72141 7252
724 108 888 98 4.80729 6203
724 116 888 106 4.49002 7252
724 124 890 116 4.63508 4838
732 132 898 126 4.6457 4838
732 140 902 130 4.49002 6203
732 164 918 162 4.93763 5393
732 172 918 172 4.9528 4838
732 180 916 182 5.00506 6203
732 188 916 192 4.97133 6203
732 12 906 10 4.32352 4416
732 196 918 204 5.0003 6203
732 204 918 212 5.00826 6203
732 52 946 18 4.14879 15888
732 212 916 218 4.63661 7252
732 244 880 280 4.09164 4820
732 252 914 264 4.07391 4340
732 300 838 334 4.23104 6257
732 76 898 58 4.52486 5698
732 84 898 72 4.71688 6203
732 92 898 80 4.82844 7252
732 100 898 90 4.84186 6203
732 108 898 98 4.85243 6203
732 28 904 30 4.24923 4416
732 116 898 108 4.81123 2708
732 124 898 116 4.64422 6650
740 132 906 126 4.94668 4838
740 140 906 136 4.93323 6203
740 148 906 146 4.91658 7252
740 156 906 152 4.79897 7584
740 164 928 162 4.98642 5393
740 172 926 172 4.95843 5393
740 44 954 18 4.08743 8015
740 180 926 182 4.98869 6203
740 188 928 192 4.99615 6203
740 12 912 10 4.2491 4416
740 196 928 202 4.98319 6203
740 204 926 212 5.0074 6203
740 212 928 218 4.62239 7252
740 228 914 246 4.32519 7614
740 300 802 322 4.24418 9902
740 76 908 62 4.54254 5698
740 324 832 362 4.27313 6257
740 84 906 70 4.87669 6203
740 92 908 80 4.9095 7252
740 100 908 90 4.90022 6203
740 108 906 100 4.90762 6203
740 28 912 28 4.24137 4416
740 116 906 108 4.90714 7252
740 124 906 116 4.94147 4838
748 132 916 126 4.95355 4838
748 140 916 136 4.92769 6203
748 148 916 144 4.91726 7252
748 156 936 154 4.72245 7252
748 164 938 162 4.99891 5393
748 172 938 172 4.96477 5393
748 180 936 184 4.9578 6203
748 188 936 192 4.99068 6203
748 196 936 202 4.96906 6203
748 204 936 212 4.97328 6203
748 212 936 220 4.57827 7252
748 220 926 242 4.28265 7614
748 236 926 260 4.1202 7740
748 268 902 280 4.00389 6701
748 76 918 60 4.30672 4838
748 84 918 70 4.79241 6203
748 92 916 80 4.91738 7252
748 100 916 90 4.90359 6203
748 108 916 100 4.93786 6203
748 116 916 108 4.92008 7252
748 124 916 116 4.9482 4838
188 132 308 130 5.19698 3353
188 140 310 140 5.40346 125
188 148 310 148 5.40518 125
188 156 314 156 5.40528 513
188 164 310 164 5.17614 125
188 172 308 174 5.13783 855
188 188 310 190 5.28546 522
188 196 308 196 5.29139 522
188 204 300 208 5.39166 1762
188 52 282 46 4.96098 586
188 60 290 50 5.08891 480
188 252 354 266 5.54478 310
188 68 290 58 5.08056 480
188 292 210 310 4.89847 16
188 76 290 64 5.0231 480
188 20 280 10 4.88491 613
188 84 316 58 5.04631 345
188 100 298 98 5.07907 125
188 108 294 102 4.89572 725
756 132 926 126 4.66957 6650
756 140 926 136 4.78976 6650
756 148 926 144 4.57507 7455
756 164 950 162 4.74777 5460
756 172 950 174 4.58585 5460
756 44 930 38 4.09592 7980
756 188 946 192 4.76906 5460
756 12 922 34 4.18258 7140
756 204 944 214 4.51964 6650
756 212 942 224 4.3407 7495
756 60 932 58 4.27195 6377
756 76 926 58 4.33954 5698
756 84 928 82 4.49881 6968
756 92 926 80 4.55283 7495
756 100 928 88 4.64539 6650
756 116 928 108 4.55701 6650
756 124 930 116 4.50581 6650
764 140 934 134 4.23787 6968
764 156 950 150 4.27876 7734
764 196 954 206 4.23034 6417
764 204 954 212 4.19641 6968
764 228 922 270 3.98127 7099
764 60 1014 6 4.27145 16637
764 68 934 48 4.35157 6948
764 76 938 56 4.38031 6948
764 324 848 358 4.30645 7733
764 340 766 350 4.29292 10348
764 92 936 86 4.46304 6968
764 100 936 88 4.53279 6968
764 108 936 98 4.55091 6968
12 148 150 152 4.29368 1849
12 164 152 162 4.20746 3974
12 172 154 174 4.59234 6660
12 180 154 182 4.86323 8424
12 188 152 190 4.94362 3382
12 12 114 24 4.59418 7472
12 196 152 198 4.90785 3382
12 204 150 206 4.90072 2075
12 52 118 8 4.56948 6253
12 212 150 214 4.90561 2075
12 220 146 224 4.75185 3974
12 252 92 274 4.5552 1274
12 4 114 16 4.47685 7574
12 260 118 274 4.52211 2773
12 284 34 346 4.34653 3834
12 300 42 358 4.06427 3834
12 20 110 30 4.59058 7472
12 116 142 118 4.3248 3938
772 36 916 2 4.19756 8458
772 228 932 268 4.08746 7099
772 236 932 274 3.98954 7099
772 60 1022 6 4.30622 16637
772 268 968 304 3.90012 13229
772 276 930 296 3.91372 7719
772 332 766 338 4.30723 8564
772 340 776 350 4.32874 10348
780 276 920 304 3.99657 8443
780 324 778 326 4.39352 8564
780 108 1054 106 4.39094 29720
196 132 316 130 5.27518 1189
196 140 316 140 5.39395 3402
196 148 314 146 5.41846 3402
196 164 318 164 5.30643 3402
196 44 288 40 4.93175 932
196 180 318 180 5.28606 2446
196 188 316 190 5.367 2446
196 12 286 2 4.87537 958
196 196 318 198 5.33732 522
196 212 308 216 5.45462 2446
196 60 296 48 5.10437 480
196 268 262 286 5.6676 2547
196 276 262 290 5.66725 2547
196 84 296 72 5.00219 480
196 92 322 66 5.04081 345
196 108 308 106 4.91541 725
196 116 306 114 5.08805 976
196 124 302 124 5.09625 976
788 244 982 288 4.1463 14956
788 252 980 298 3.98514 14956
788 260 980 304 4.09185 15255
788 92 1064 94 4.25822 25918
788 28 1134 10 4.0312 60164
796 140 1076 82 4.33341 19366
796 180 946 182 4.20961 17520
796 260 1138 278 4.08592 15858
796 268 990 310 4.05306 15255
796 356 808 372 4.26477 13635
796 108 1078 114 4.34121 29720
796 28 1138 10 4.09617 15858
796 116 1078 120 4.31348 29720
804 156 1084 96 4.25522 29429
804 188 1086 198 4.36593 22744
804 196 1086 206 4.39276 22744
804 204 1094 226 4.36649 18606
804 212 1094 232 4.34348 18606
804 220 1092 242 4.2239 20029
804 60 1090 0 4.22645 29475
804 268 1130 308 3.99995 15189
804 300 764 302 4.11155 26931
804 332 810 340 4.37396 10050
804 84 1090 40 4.29878 30457
804 348 814 366 4.24303 13635
804 92 1086 50 4.30747 29429
804 116 1086 86 4.13233 25645
812 140 1098 116 4.04726 27228
812 172 1098 94 4.04964 35271
812 180 1100 186 4.2247 21900
812 188 1102 198 4.298 18606
812 196 1094 206 4.39967 22744
812 228 994 262 4.18375 17233
812 60 1102 0 4.35701 29429
812 84 1096 40 4.15778 27228
812 92 1094 50 4.31624 27228
812 100 1106 56 4.16844 30457
812 108 1098 72 4.19377 27228
204 132 322 132 5.3726 2361
204 140 324 140 5.45923 1401
204 36 348 24 4.93501 1125
204 148 324 148 5.45266 683
204 156 324 156 5.46102 1401
204 164 324 164 5.42896 1401
204 172 322 174 5.3615 683
204 44 332 34 4.9284 4433
204 188 324 190 5.39063 2175
204 12 294 38 4.86222 629
204 204 304 210 5.42017 492
204 52 302 38 4.96449 586
204 212 314 216 5.44027 2446
204 220 314 224 5.50676 1459
204 236 278 246 5.64816 492
204 60 326 40 5.03501 1940
204 244 278 254 5.67489 492
204 252 280 270 5.62685 1582
204 268 278 286 5.69753 1582
204 68 302 58 5.05516 480
204 276 270 290 5.64901 2547
204 84 312 88 5.12251 492
204 92 310 86 5.07045 492
204 100 304 98 4.95224 554
204 108 314 104 5.02491 492
204 116 312 114 5.13031 943
204 124 310 122 5.12704 943
820 132 1158 80 3.98846 16637
820 148 1168 106 4.14726 16637
820 180 1106 188 4.19748 27228
820 196 1098 206 4.45866 27228
820 228 1006 262 4.13576 16332
820 60 1114 0 4.35834 29429
820 244 1000 282 4.42323 10943
820 252 1002 288 4.42337 10943
820 68 1114 10 4.30493 29429
820 308 830 318 4.19004 10210
820 84 1114 34 4.18998 24553
820 340 806 340 4.38766 10846
820 92 1110 48 4.2882 30457
820 100 1146 54 4.10758 26148
820 108 1136 98 4.05718 26629
820 116 1160 68 4.10611 15795
828 156 968 158 4.13526 17520
828 180 1112 190 4.24178 27228
828 204 1118 214 4.44286 21900
828 252 1010 290 4.42495 10943
828 76 1114 26 4.15873 29429
828 20 1150 8 4.10502 36813
828 324 794 314 4.1694 13158
828 92 1154 42 4.29502 19793
828 100 1152 54 4.17022 19793
828 108 1144 66 4.08276 19793
52 132 96 126 4.50471 4193
52 140 96 134 4.56587 3490
52 36 142 18 4.64491 4222
52 148 94 144 4.52971 3490
52 156 182 158 4.58321 2773
52 164 180 164 4.86773 3974
52 44 140 24 4.61027 4222
52 180 180 182 4.85609 5287
52 188 180 190 4.82586 3974
52 12 134 40 4.6003 947
52 196 180 202 4.79742 5287
52 4 144 38 4.64879 2155
52 260 106 274 4.53822 3490
52 76 146 74 4.46131 2759
52 20 132 50 4.57872 947
52 92 166 88 4.52256 947
52 28 140 8 4.63932 3502
52 124 170 122 4.37273 2467
836 132 990 146 4.15722 15021
836 164 976 154 4.11691 11349
836 180 978 170 4.20772 11349
836 196 1130 208 4.44388 21900
836 212 1156 236 4.28531 28634
836 244 1012 282 4.39729 10943
836 268 1006 296 4.33499 10943
836 68 1120 14 4.2687 29429
836 284 812 280 4.14076 12528
836 292 814 288 4.14724 12528
836 76 1124 24 4.15771 29429
836 316 818 314 4.24543 12528
836 20 1154 8 4.10322 36813
836 324 822 326 4.22891 12528
836 84 1158 30 4.14383 15795
836 108 998 166 4.27769 15415
836 124 998 174 4.33303 15415
844 148 1126 170 4.06306 19153
844 164 1182 134 4.19997 15858
844 172 1180 160 4.26762 15858
844 180 1178 168 4.27681 15858
844 244 1018 282 4.37644 10943
844 300 824 310 4.14952 11790
844 324 830 324 4.2519 12528
844 92 1162 42 4.2373 19793
844 124 1010 126 4.33847 15021
212 132 332 130 5.31642 2361
212 140 330 140 5.40883 1401
212 36 354 22 4.96343 1125
212 148 330 148 5.36543 683
212 156 332 156 5.45808 1401
212 164 332 166 5.47252 1401
212 172 332 174 5.43722 683
212 44 342 38 5.00208 4433
212 180 332 182 5.42125 3259
212 188 330 190 5.40792 3259
212 196 328 200 5.37283 2396
212 220 322 226 5.58759 2558
212 236 320 246 5.67247 2558
212 60 306 48 5.0962 480
212 268 286 286 5.69753 1582
212 68 340 48 5.09487 345
212 276 278 290 5.67101 2547
212 76 320 82 5.12546 492
212 316 342 360 5.26289 2554
212 92 318 86 5.11604 1632
212 108 322 110 5.13863 638
212 116 322 114 5.14555 976
212 124 324 122 5.18062 976
852 148 1018 148 4.26339 18696
852 164 1190 134 4.26852 15858
852 172 1190 162 4.27056 15858
852 180 1188 168 4.30097 15858
852 188 1020 206 4.2345 11211
852 284 1090 302 4.11186 20634
852 300 832 308 4.13729 11790
852 76 1188 14 4.24758 56901
852 324 836 322 4.12594 11790
852 84 1188 32 4.24783 44022
852 340 880 314 4.09192 27182
852 92 1186 40 4.09957 44022
860 228 1054 258 4.3574 12113
860 252 1050 210 4.47283 18990
860 92 1206 18 4.35347 47438
860 124 1206 86 4.27548 51465
868 132 1032 136 4.44148 16915
868 140 1036 146 4.39647 11211
868 156 1038 154 4.452 11211
868 164 1040 162 4.45623 11211
868 172 1042 170 4.41215 18696
868 252 1054 206 4.48031 18990
868 324 824 298 4.16313 19292
868 108 1042 112 4.47854 16915
876 148 1044 152 4.45033 11211
876 156 1050 154 4.45055 11211
876 164 1050 162 4.46234 11211
876 228 1066 254 4.40781 12113
876 276 1086 298 4.17434 16911
876 332 834 302 4.15844 19292
220 132 338 130 5.3724 2361
220 140 338 140 5.47869 1401
220 36 342 6 4.91723 6224
220 148 338 148 5.50581 683
220 156 340 156 5.4632 683
220 164 340 164 5.46022 683
220 172 338 172 5.44685 683
220 180 338 182 5.4649 2942
220 188 338 190 5.46964 2942
220 196 338 200 5.41223 2403
220 204 334 210 5.38934 2942
220 212 332 216 5.48617 2446
220 60 328 48 5.05584 2306
220 244 294 262 5.77259 2942
220 252 294 270 5.73571 2942
220 260 296 278 5.73404 2942
220 268 294 286 5.77513 2942
220 68 330 58 5.06447 2306
220 276 302 310 5.77992 2942
220 284 302 318 5.77725 2942
220 292 310 330 5.75885 2942
220 300 310 342 5.75077 2942
220 20 348 22 4.94022 641
220 84 338 78 5.13726 753
220 92 332 86 5.1081 753
220 100 332 102 5.08847 4450
220 108 334 110 5.21546 3754
220 124 334 124 5.15572 2073
884 212 1060 166 4.35152 18990
884 276 1184 296 4.1743 16295
884 76 1064 98 4.39655 17486
892 132 1086 40 4.38641 20340
892 68 1086 14 4.30993 15915
892 276 1198 288 4.26329 16295
892 76 1086 16 4.44126 20340
892 332 878 314 4.03087 28962
892 340 882 324 4.07331 28962
900 148 958 122 4.09785 25420
900 172 1098 160 4.05901 18512
900 180 1158 154 3.98392 28143
900 244 1122 264 4.28806 16443
900 68 1094 12 4.42712 15915
900 276 1204 288 4.25516 16295
900 76 1094 18 4.47106 20340
900 332 816 308 4.07716 35522
900 84 1094 30 4.51191 15915
900 92 1094 34 4.51361 15915
908 164 1104 150 4.14131 17520
908 212 1156 242 4.22096 32681
908 68 1098 12 4.34934 15915
908 76 1098 20 4.26167 15915
908 332 890 316 4.09009 30333
228 132 350 130 5.29402 2361
228 140 346 142 5.40031 1401
228 148 346 148 5.48769 683
228 156 346 156 5.49731 683
228 164 346 164 5.48991 683
228 172 346 174 5.49308 683
228 44 350 32 4.97633 4433
228 180 346 182 5.51336 2942
228 188 346 190 5.51213 2942
228 12 306 18 4.90137 884
228 196 346 198 5.45927 2403
228 204 346 206 5.511 1268
228 212 346 216 5.50825 1268
228 220 334 226 5.60844 375
228 228 330 236 5.63758 375
228 236 346 246 5.74843 1268
228 4 306 14 4.9146 884
228 68 342 58 5.09761 2419
228 276 358 310 5.78375 177
228 284 358 318 5.78375 177
228 292 318 330 5.76742 2942
228 300 322 342 5.75413 2942
228 76 338 70 5.08463 1268
228 20 304 28 4.94103 884
228 84 346 80 5.15576 753
228 92 340 86 5.12368 363
228 108 342 106 5.18969 142
228 116 342 114 5.18237 142
228 124 334 118 5.19586 55
916 172 1168 150 4.00292 24482
916 68 1106 12 4.32396 15915
916 76 1104 18 4.26801 15915
916 332 898 316 4.04391 28962
916 356 886 344 4.09227 30333
916 92 1106 28 4.26578 20340
916 100 1102 34 4.30016 20340
916 108 1106 36 4.15453 15915
924 60 992 42 4.21244 25216
924 68 990 66 4.33837 24691
924 300 834 286 4.09441 45192
924 84 992 90 4.4186 39123
924 108 992 98 4.44321 25216
924 124 992 128 4.39489 39376
932 276 1148 312 4.07365 19762
932 124 1000 114 4.47662 24691
940 252 1150 286 4.10623 19762
940 268 1154 304 4.06652 19762
940 276 1156 312 4.06693 19762
940 332 1156 144 4.11899 23751
940 84 1006 60 4.45337 25350
940 92 1006 78 4.50711 25216
940 108 1006 98 4.51263 25216
236 36 362 18 4.93794 1437
236 44 366 26 5.00977 1437
236 204 350 208 5.44568 1268
236 52 348 40 5.06257 93
236 212 342 218 5.5601 1439
236 220 342 226 5.61703 1038
236 228 342 234 5.66954 1439
236 236 358 244 5.74167 1268
236 60 346 48 5.12217 4904
236 68 348 58 5.1765 1284
236 276 366 310 5.78375 177
236 284 366 318 5.78375 177
236 292 376 328 5.74117 177
236 300 376 336 5.71326 177
236 76 348 66 5.22823 753
236 316 392 354 5.42301 1284
236 324 358 370 5.32104 753
236 332 370 372 5.23385 3136
236 84 348 78 5.21776 753
236 108 348 104 5.2953 76
236 124 344 120 5.26837 23
948 212 1100 226 4.26894 18611
948 324 1166 134 4.10543 23751
948 332 1164 144 4.10664 23751
948 348 1164 162 4.05704 23751
948 116 1018 106 4.49137 25216
956 340 1174 154 4.04509 23751
956 348 1170 162 4.01002 23751
956 116 50 202 4.22054 54774
60 140 104 134 4.58211 3490
60 36 146 16 4.66425 4222
60 148 106 144 4.52574 3490
60 156 194 158 4.58843 2773
60 164 192 166 4.76939 3974
60 172 194 172 4.81371 3974
60 188 192 190 4.86794 3974
60 196 192 198 4.82674 5287
60 204 192 206 4.71706 3974
60 212 188 216 4.64363 3974
60 60 104 76 4.60444 2375
60 4 104 32 4.64429 2375
60 284 102 296 4.45668 4988
60 108 182 106 4.62524 7355
60 116 170 110 4.65122 947
60 124 192 126 4.5353 3401
964 260 1044 334 3.99748 26405
972 52 1114 70 3.9149 34820
972 316 1128 372 3.84054 23853
244 132 354 130 5.38065 12
244 140 356 140 5.41673 12
244 36 370 18 4.98937 1437
244 148 356 148 5.3796 16
244 156 354 154 5.36075 12
244 164 354 164 5.40602 12
244 172 356 174 5.40826 12
244 44 372 26 4.97492 1437
244 180 356 186 5.42804 80
244 188 354 194 5.40997 80
244 204 356 208 5.51627 1268
244 52 358 38 5.03634 93
244 212 354 220 5.60433 205
244 220 354 226 5.67022 375
244 228 350 236 5.66235 1439
244 60 356 46 5.11745 4904
244 68 358 58 5.17376 1284
244 276 326 310 5.78085 2942
244 284 326 318 5.78085 2942
244 300 330 344 5.69987 2942
244 76 356 68 5.21666 753
244 324 378 364 5.3119 1268
244 84 354 78 5.22813 753
244 92 354 86 5.16377 198
244 100 354 94 5.22214 322
244 108 354 104 5.40152 16
244 116 354 112 5.47979 12
244 124 354 120 5.44319 12
980 316 1136 370 3.87818 23853
980 20 1150 80 3.8909 23134
1004 308 1146 366 3.87517 27033
252 140 362 140 5.34855 12
252 148 368 148 5.51181 50
252 156 370 154 5.42235 50
252 164 364 166 5.37266 12
252 172 372 174 5.51621 34
252 180 372 182 5.50637 5
252 188 364 190 5.47357 80
252 12 378 0 4.93555 641
252 196 364 194 5.47879 80
252 204 364 210 5.5072 1268
252 52 368 42 5.04418 565
252 212 364 218 5.71331 50
252 220 364 226 5.71912 50
252 228 358 236 5.7128 50
252 60 382 38 5.04894 5
252 244 398 282 5.85921 5
252 260 390 286 5.85921 5
252 268 390 294 5.85921 5
252 68 362 60 5.09958 2419
252 276 398 310 5.79344 5
252 284 402 322 5.79341 5
252 300 390 342 5.60174 5
252 76 362 72 5.15545 227
252 316 370 362 5.3952 2419
252 20 374 8 4.95333 641
252 100 360 94 5.21281 128
252 108 362 104 5.41495 16
252 28 346 14 4.93122 50
252 116 362 112 5.46764 12
252 124 360 120 5.44716 12
1012 68 1096 28 4.26928 41747
1020 156 0 236 3.97326 77178
4 164 144 162 4.29257 5229
4 172 54 162 4.28002 3836
4 44 108 48 4.53837 9498
4 180 144 182 4.88088 8424
4 188 146 190 4.947 3382
4 12 102 22 4.58828 7472
4 196 144 198 4.90143 3382
4 52 38 26 4.42483 9318
4 220 70 228 4.74112 4629
4 228 72 238 4.73164 4629
4 60 38 36 4.40456 9318
4 268 70 286 4.51974 3836
4 284 28 344 4.39703 3834
4 292 2 348 4.20754 21628
4 300 2 354 4.20717 28627
4 20 100 40 4.51085 3274
4 92 128 106 4.35721 7472
4 100 128 114 4.29573 7472
4 28 102 34 4.56016 7472
260 140 380 140 5.58852 3402
260 148 380 148 5.63006 1825
260 156 380 156 5.64278 1825
260 164 380 164 5.32003 1825
260 172 380 174 5.62686 3402
260 44 338 18 4.93912 209
260 180 380 182 5.6575 1208
260 188 380 192 5.64293 1208
260 52 386 26 4.96752 5
260 212 372 218 5.69258 50
260 228 366 236 5.69458 50
260 60 368 50 5.03742 6376
260 244 402 280 5.85921 5
260 268 398 294 5.85921 5
260 276 406 310 5.79344 5
260 284 410 320 5.79163 5
260 300 402 342 5.57625 177
260 84 374 76 5.14267 125
260 92 374 86 5.11159 198
260 108 370 102 5.37143 16
260 116 370 112 5.4343 12
260 124 368 122 5.45966 12
268 132 376 128 5.46999 16
268 140 388 140 5.62718 1401
268 148 388 148 5.67849 683
268 156 388 156 5.66887 683
268 164 388 164 5.68653 683
268 172 388 174 5.68861 683
268 44 400 28 5.05568 1096
268 180 388 182 5.67706 93
268 188 388 190 5.68201 93
268 196 388 200 5.65687 1401
268 204 388 208 5.60416 93
268 212 376 216 5.67723 50
268 220 374 226 5.71701 50
268 228 374 236 5.70377 50
268 60 398 38 5.04719 5
268 244 412 278 5.85921 5
268 252 410 282 5.85921 5
268 4 362 6 4.84098 781
268 268 406 294 5.85921 5
268 68 378 58 5.08404 1081
268 276 410 314 5.78745 5
268 292 416 330 5.67583 5
268 300 418 340 5.68551 5
268 76 380 70 5.18847 492
268 84 378 78 5.16496 492
268 92 382 86 5.25426 492
268 100 382 94 5.27644 128
268 108 376 102 5.35376 16
268 116 378 112 5.44973 12
268 124 376 120 5.4667 12
68 140 112 134 4.44541 10662
68 156 200 158 4.79219 2773
68 164 200 166 4.87715 3974
68 172 200 174 4.84517 3974
68 180 200 182 4.88072 3974
68 188 200 190 4.90366 3974
68 196 200 196 4.80453 5287
68 204 122 208 4.65634 1656
68 52 114 70 4.64869 2375
68 212 178 212 4.68088 1863
68 60 114 78 4.6796 2375
68 268 98 284 4.54989 2095
68 68 166 70 4.61661 1863
68 108 178 100 4.58647 947
68 116 192 116 4.62121 7355
68 124 200 126 4.49812 3401
276 132 396 130 5.47414 1250
276 140 396 138 5.62626 1401
276 148 396 148 5.68209 683
276 156 396 156 5.68126 683
276 164 396 164 5.67972 683
276 172 396 172 5.67183 683
276 44 410 28 5.00587 1096
276 180 396 182 5.67461 93
276 188 396 190 5.67893 93
276 196 396 200 5.61801 1401
276 204 396 208 5.54807 93
276 52 406 36 5.03613 1096
276 212 382 214 5.68666 50
276 220 382 226 5.69123 50
276 228 382 236 5.69955 50
276 236 370 246 5.75169 492
276 60 408 42 5.06156 5
276 244 418 278 5.85921 5
276 252 418 282 5.85921 5
276 4 374 4 4.91351 781
276 268 414 294 5.85921 5
276 68 388 62 5.08568 1843
276 276 418 314 5.78745 5
276 284 418 324 5.77917 5
276 292 424 332 5.69358 5
276 300 424 340 5.72208 5
276 76 388 68 5.23836 227
276 84 390 78 5.25808 227
276 92 388 84 5.25461 98
276 116 390 110 5.44739 12
276 124 396 122 5.46582 821
284 132 404 130 5.49101 2361
284 140 404 140 5.65966 1401
284 148 404 148 5.69731 683
284 156 404 156 5.69286 683
284 164 404 164 5.66815 683
284 172 404 174 5.67568 683
284 180 404 182 5.69907 5
284 188 404 190 5.70232 5
284 12 378 12 4.91538 680
284 196 404 198 5.63389 5
284 204 404 208 5.65652 5
284 212 402 216 5.69006 50
284 228 386 236 5.65415 2547
284 236 406 246 5.76262 753
284 68 396 60 5.11805 1843
284 292 434 332 5.62394 177
284 300 432 340 5.63334 177
284 76 398 66 5.31348 506
284 308 412 354 5.41998 125
284 324 406 372 5.34941 125
284 84 398 76 5.29008 506
284 92 400 84 5.22153 506
284 108 392 102 5.3163 16
284 116 398 112 5.40026 12
284 124 402 122 5.46156 821
292 132 410 132 5.45257 2361
292 140 412 140 5.6508 1401
292 148 412 148 5.68593 683
292 156 412 156 5.69585 683
292 164 412 164 5.67056 683
292 172 412 174 5.67804 683
292 180 412 182 5.70401 5
292 188 412 190 5.69432 5
292 196 412 198 5.61073 5
292 204 412 208 5.64589 5
292 212 410 216 5.70639 50
292 220 406 226 5.69226 50
292 228 398 236 5.6624 3136
292 236 410 246 5.75758 753
292 76 402 68 5.25578 506
292 308 422 354 5.44823 125
292 84 404 74 5.27929 506
292 92 410 86 5.29745 1207
292 100 406 94 5.32467 1826
292 108 404 102 5.35058 16
292 28 390 6 4.93772 6153
292 116 400 110 5.39844 0
300 140 422 142 5.47215 3019
300 148 420 148 5.64893 50
300 156 420 156 5.63604 50
300 164 420 164 5.60681 12
300 172 420 172 5.60546 12
300 180 420 178 5.54455 5
300 188 420 190 5.62315 5
300 196 420 198 5.59766 80
300 204 418 208 5.59414 554
300 212 418 216 5.67649 3136
300 228 408 236 5.69729 50
300 244 422 290 5.81758 80
300 252 432 274 5.83164 5
300 300 422 344 5.58085 5
300 316 500 354 5.36153 258
300 324 406 366 5.39455 492
300 84 414 76 5.27164 506
300 100 412 92 5.32264 910
300 108 412 102 5.3688 574
300 116 410 110 5.44494 0
300 124 412 120 5.43611 0
76 132 206 134 4.48709 713
76 140 206 142 4.57474 713
76 196 210 198 4.55125 1863
76 204 186 202 4.65141 1863
76 212 186 210 4.55695 1863
76 220 114 230 4.71416 2095
76 228 114 238 4.60544 2095
76 236 114 250 4.6012 3351
76 4 138 36 4.64867 662
76 268 106 286 4.50055 2095
76 108 176 82 4.53825 1858
308 140 428 140 5.45769 3402
308 148 428 148 5.62418 50
308 156 430 156 5.62414 50
308 164 430 164 5.56569 50
308 172 430 174 5.54243 50
308 180 430 182 5.61529 5
308 188 430 190 5.61593 5
308 12 392 18 4.94908 754
308 196 428 198 5.57794 2403
308 220 414 226 5.6957 2558
308 228 416 236 5.69763 50
308 244 438 262 5.82099 5
308 252 438 270 5.82147 5
308 4 406 2 4.92044 680
308 260 430 278 5.85076 5
308 268 430 286 5.85076 5
308 68 422 60 5.05111 533
308 276 426 292 5.78885 2547
308 284 436 324 5.73149 5
308 300 434 344 5.57269 5
308 76 422 66 5.28442 506
308 316 410 360 5.43935 554
308 20 398 8 4.96286 683
308 324 410 370 5.40651 554
308 84 422 76 5.20666 506
308 100 420 92 5.33492 910
308 108 426 104 5.40683 16
308 116 418 110 5.40347 0
308 124 428 122 5.43965 821
316 140 438 140 5.56324 1401
316 148 438 148 5.58772 1825
316 156 438 158 5.55065 1825
316 164 442 164 5.51308 1825
316 172 438 174 5.53323 3402
316 180 438 182 5.60157 177
316 188 438 190 5.59951 177
316 12 400 16 4.93808 754
316 196 436 198 5.54683 3402
316 204 438 206 5.53033 5
316 212 424 218 5.69664 1989
316 220 424 226 5.71059 2558
316 236 416 246 5.75114 2558
316 60 432 66 4.97075 480
316 244 446 262 5.80995 1989
316 252 446 268 5.8089 1989
316 260 446 274 5.81104 1989
316 68 428 62 5.17807 533
316 276 432 292 5.78828 2547
316 284 440 324 5.69018 177
316 300 442 344 5.59387 177
316 76 428 68 5.15722 533
316 316 418 362 5.42959 554
316 92 434 86 5.3229 125
316 100 428 92 5.32711 910
316 108 428 100 5.39035 574
316 116 430 112 5.41473 0
20 140 158 142 4.4871 2868
20 148 156 152 4.4599 2868
20 172 160 172 4.6005 6660
20 44 90 44 4.52361 3566
20 180 160 182 4.76381 1248
20 204 156 206 4.92804 2075
20 52 122 6 4.53091 6253
20 212 158 214 4.92736 2075
20 220 158 222 4.86735 3974
20 228 86 238 4.75417 4629
20 236 74 242 4.5542 3438
20 4 78 16 4.49469 3382
20 260 110 266 4.57312 3159
20 324 52 214 4.13581 8660
20 84 80 70 4.40549 8502
20 100 156 114 4.42591 7485
20 28 120 38 4.59787 7472
324 132 442 130 5.4632 0
324 140 444 138 5.55959 1401
324 148 442 146 5.56678 1401
324 156 446 158 5.54077 683
324 172 450 172 5.37045 683
324 188 446 190 5.55456 1401
324 196 444 200 5.55044 5
324 204 444 208 5.54783 5
324 212 432 218 5.67927 1989
324 220 432 226 5.6829 2558
324 228 430 238 5.72532 3136
324 236 430 246 5.77304 753
324 260 450 270 5.81104 1989
324 268 450 278 5.81104 1989
324 68 442 66 5.14026 1360
324 284 462 322 5.66581 3074
324 292 460 334 5.68016 3074
324 76 442 74 5.22161 1360
324 20 402 14 4.94647 1189
324 324 430 370 5.3575 492
324 332 418 370 5.34732 1582
324 100 438 94 5.37427 910
324 108 438 100 5.34375 574
324 28 398 24 4.95776 754
324 124 438 120 5.46228 0
332 140 450 138 5.36447 16
332 156 454 158 5.3834 0
332 172 454 178 5.43018 258
332 188 454 190 5.54125 5
332 212 442 218 5.68779 1989
332 220 444 226 5.69172 1989
332 228 440 238 5.74047 1989
332 236 438 246 5.78912 753
332 60 454 54 5.38169 1940
332 244 454 254 5.81104 1989
332 252 454 262 5.81104 1989
332 268 454 282 5.81102 1989
332 68 452 60 5.46672 1081
332 284 466 322 5.65629 3074
332 292 468 334 5.66881 3074
332 300 470 340 5.58539 177
332 76 450 72 5.539 492
332 324 534 362 5.26475 1464
332 92 454 88 5.42296 492
332 108 438 106 5.40431 16
332 116 452 112 5.35532 0
332 124 446 120 5.44036 16
84 132 210 134 4.5252 1916
84 140 210 140 4.53306 1916
84 156 122 154 4.41668 3502
84 164 214 168 4.42213 1916
84 180 210 182 4.51292 1916
84 196 122 200 4.46473 1907
84 220 122 232 4.71605 2095
84 236 128 248 4.68036 2095
84 244 128 258 4.64548 2095
84 324 124 352 4.02785 1656
340 132 454 126 5.45323 16
340 36 414 32 4.94711 680
340 148 462 150 5.51067 12
340 156 462 156 5.5511 12
340 164 462 162 5.43584 16
340 172 460 174 5.47648 16
340 180 462 184 5.50972 5
340 188 466 192 5.48605 5
340 196 466 202 5.36365 16
340 204 452 210 5.54625 1268
340 212 452 218 5.71267 1989
340 220 452 228 5.68882 1989
340 236 446 246 5.78973 753
340 244 462 254 5.81104 1989
340 252 462 262 5.81104 1989
340 4 410 2 4.9456 629
340 260 462 274 5.81102 1989
340 268 462 286 5.81097 1989
340 68 462 62 5.45682 1081
340 284 454 330 5.61076 2942
340 300 454 346 5.5604 2942
340 76 462 70 5.48308 492
340 84 462 80 5.51683 1464
340 92 462 88 5.55998 227
340 100 460 96 5.55273 227
340 108 462 104 5.43567 16
340 28 414 22 4.94278 680
340 116 462 114 5.48664 16
348 132 470 130 5.58615 0
348 140 470 138 5.58139 0
348 148 470 148 5.6649 0
348 156 470 156 5.67501 0
348 164 470 164 5.64404 0
348 172 470 174 5.64921 0
348 44 478 30 5.11756 5653
348 180 470 182 5.64573 5
348 188 470 190 5.63516 5
348 12 416 14 4.91555 754
348 204 470 208 5.5784 5
348 52 478 38 5.07823 5653
348 212 460 218 5.68838 5
348 220 460 228 5.65273 5
348 228 462 238 5.74528 5
348 60 470 54 5.452 1940
348 244 466 274 5.78825 177
348 252 468 282 5.73436 177
348 4 418 6 4.90594 629
348 268 466 294 5.80679 177
348 68 470 62 5.53033 1081
348 276 478 320 5.70081 234
348 292 480 336 5.59159 3074
348 300 480 346 5.53013 177
348 76 470 70 5.55329 506
348 20 418 22 4.95936 754
348 332 510 368 5.24036 499
348 84 470 80 5.52866 499
348 92 470 88 5.57964 506
348 100 470 96 5.57614 499
348 108 470 104 5.57996 499
348 116 470 114 5.61585 0
348 124 470 122 5.59203 0
356 132 478 130 5.63247 0
356 140 478 138 5.62376 0
356 36 426 36 4.98595 821
356 148 478 148 5.66711 0
356 156 478 156 5.66297 0
356 164 478 164 5.62532 0
356 172 478 172 5.64447 0
356 180 478 180 5.63278 5
356 188 478 190 5.60127 5
356 196 478 198 5.60002 5
356 204 478 208 5.57825 5
356 212 468 218 5.68831 5
356 220 470 226 5.66756 5
356 228 468 238 5.74453 5
356 236 466 246 5.75526 5
356 60 478 54 5.48649 565
356 244 544 240 5.71006 59
356 252 544 248 5.70923 59
356 260 546 256 5.73084 59
356 268 542 262 5.73346 59
356 68 478 62 5.52914 1081
356 276 482 320 5.69935 234
356 284 482 328 5.65381 93
356 292 488 336 5.5119 234
356 300 490 344 5.40381 93
356 76 480 74 5.56458 506
356 324 510 360 5.34631 554
356 84 480 82 5.57035 499
356 92 478 88 5.57573 506
356 100 478 96 5.58193 499
356 108 478 104 5.5824 499
356 28 480 26 4.94812 3254
356 116 478 114 5.60651 0
356 124 478 122 5.62655 0
364 132 486 130 5.64539 0
364 140 486 138 5.61591 0
364 148 486 148 5.65919 0
364 164 486 164 5.55226 0
364 172 486 174 5.63181 0
364 180 486 182 5.64307 5
364 188 486 190 5.63871 5
364 196 488 198 5.53705 5
364 52 488 46 5.54946 565
364 212 476 218 5.6912 5
364 220 476 226 5.66916 5
364 228 478 238 5.74381 5
364 60 486 46 5.56184 1940
364 244 556 240 5.72223 59
364 252 554 248 5.72444 59
364 68 486 52 5.52269 1940
364 300 496 346 5.43754 5
364 308 530 346 5.37624 258
364 316 518 352 5.36413 258
364 20 478 10 4.84683 1622
364 324 520 360 5.35971 258
364 84 486 62 5.50545 1940
364 100 486 94 5.56047 227
364 108 488 104 5.55495 16
364 116 486 112 5.59816 0
364 124 486 122 5.60805 0
92 132 220 132 4.62201 1916
92 140 220 142 4.63679 1916
92 148 214 148 4.49619 248
92 156 214 154 4.59692 248
92 172 220 172 4.66872 458
92 180 222 182 4.81335 248
92 188 222 192 4.88271 458
92 12 158 46 4.6339 662
92 204 220 210 4.63612 248
92 228 210 232 4.91296 248
92 252 126 272 4.59239 1907
92 260 128 270 4.56779 3351
92 316 74 212 4.12688 2390
372 132 494 130 5.63529 0
372 140 496 138 5.62452 0
372 148 494 148 5.6634 0
372 156 494 156 5.66412 0
372 164 496 164 5.63335 0
372 172 496 174 5.61217 0
372 180 496 180 5.61833 5
372 188 494 186 5.59473 5
372 196 496 202 5.55131 5
372 204 494 208 5.57981 5
372 52 490 48 5.59284 565
372 212 484 218 5.67439 5
372 220 482 226 5.65294 5
372 228 486 238 5.7484 5
372 236 484 246 5.75544 5
372 244 566 240 5.7263 59
372 252 564 248 5.71606 59
372 268 558 262 5.73041 59
372 292 504 336 5.4768 34
372 76 490 64 5.5809 565
372 316 514 348 5.36733 320
372 20 486 10 5.10379 3238
372 324 510 356 5.36544 320
372 332 530 372 5.21616 363
372 84 488 74 5.52629 320
372 92 490 86 5.46753 506
372 100 494 96 5.52387 506
372 28 490 0 5.18501 2269
372 116 496 114 5.52817 0
372 124 494 122 5.58914 0
380 132 504 130 5.56911 533
380 140 504 138 5.56784 533
380 148 504 148 5.55842 533
380 156 504 156 5.57561 320
380 164 504 164 5.57412 320
380 172 504 172 5.55092 976
380 180 504 182 5.52011 821
380 188 502 190 5.31806 1208
380 12 498 0 5.24975 1622
380 204 502 208 5.4989 1686
380 212 498 216 5.58278 1208
380 220 498 226 5.57898 1208
380 228 550 228 5.63154 2717
380 236 558 236 5.67947 320
380 252 570 248 5.64595 2717
380 292 528 332 5.49714 320
380 76 496 66 5.55698 565
380 316 520 348 5.3332 320
380 20 502 10 5.24975 1622
380 332 538 372 5.23331 363
380 84 496 74 5.54227 320
380 92 496 84 5.48915 533
380 100 502 96 5.34987 499
380 28 512 2 5.02208 3404
380 116 502 110 5.39547 363
380 124 502 122 5.48185 821
388 132 512 130 5.4813 356
388 148 512 148 5.48644 356
388 156 512 158 5.49065 356
388 44 506 42 5.14668 3751
388 180 512 184 5.35229 1940
388 188 510 192 5.36065 895
388 12 508 0 5.24102 1622
388 196 508 200 5.49806 895
388 204 508 208 5.58352 725
388 212 508 218 5.59511 725
388 220 506 228 5.5919 725
388 228 502 238 5.60699 725
388 236 576 234 5.65677 320
388 60 506 48 5.53863 1940
388 244 576 242 5.65571 320
388 68 506 56 5.50632 1940
388 292 548 328 5.42984 258
388 76 506 66 5.48392 1940
388 308 554 344 5.369 227
388 20 510 10 5.24519 1622
388 84 506 74 5.51993 1940
388 340 592 352 5.08173 725
388 348 592 362 5.15962 725
388 92 506 84 5.46491 499
388 100 512 96 5.39586 499
388 108 506 102 5.39774 363
388 28 512 18 4.87989 2744
388 116 508 110 5.40446 499
388 124 510 118 5.40581 1940
396 140 516 136 5.3819 499
396 36 516 30 4.98376 3970
396 164 520 164 5.28781 499
396 172 522 174 5.41138 499
396 44 518 34 5.08146 5653
396 180 522 182 5.39288 506
396 188 520 190 5.37599 895
396 196 516 200 5.49677 895
396 204 516 208 5.5839 725
396 52 514 40 5.31993 3259
396 212 516 218 5.59038 725
396 236 586 234 5.66109 320
396 60 514 48 5.4002 3078
396 244 586 242 5.65023 320
396 68 516 58 5.40102 3078
396 276 554 314 5.57075 227
396 76 516 66 5.49753 3078
396 308 562 346 5.37194 227
396 316 566 352 5.29015 506
396 20 520 10 4.91008 754
396 84 516 74 5.46926 3078
396 348 600 358 5.16902 725
396 356 602 366 5.10239 725
396 92 514 82 5.40969 1843
396 100 516 92 5.38299 320
396 28 520 18 4.95113 1219
396 116 518 110 5.41151 499
396 124 516 120 5.45085 499
100 140 228 142 4.57975 851
100 148 228 150 4.525 55
100 156 228 158 4.51833 405
100 172 230 174 4.73443 55
100 180 228 182 4.81709 248
100 188 228 190 4.87456 458
100 12 164 44 4.69805 662
100 196 228 198 4.84662 458
100 220 212 222 4.82319 142
100 260 138 270 4.58806 3351
100 20 166 54 4.64506 662
404 132 524 128 5.39663 499
404 140 524 138 5.40056 499
404 148 522 146 5.38697 499
404 156 524 156 5.4392 499
404 164 528 164 5.33295 499
404 172 530 174 5.43567 499
404 180 532 182 5.31632 574
404 188 528 190 5.33122 499
404 12 530 0 5.05943 754
404 196 522 198 5.38679 2699
404 204 522 210 5.45987 1686
404 52 524 40 5.25669 565
404 220 518 230 5.60803 725
404 228 518 238 5.6185 725
404 60 526 48 5.4103 1644
404 244 596 242 5.57567 506
404 252 590 250 5.67569 320
404 260 590 258 5.67818 320
404 68 524 56 5.38434 1644
404 76 530 64 5.36912 320
404 308 544 354 5.37096 320
404 316 554 360 5.29312 320
404 20 528 8 5.02494 754
404 324 552 368 5.29794 320
404 332 570 370 5.16961 499
404 84 526 74 5.42433 499
404 356 610 368 5.11678 725
404 92 524 82 5.415 499
404 100 524 90 5.35131 320
404 108 524 102 5.29375 499
404 28 530 18 4.9539 1219
404 116 524 110 5.41998 499
404 124 526 118 5.41458 499
412 132 534 128 5.33571 125
412 148 534 146 5.43591 356
412 164 542 166 5.26117 315
412 172 538 172 5.3568 574
412 180 538 182 5.28895 356
412 188 540 190 5.42745 574
412 12 538 0 5.08696 754
412 196 540 198 5.41898 574
412 52 532 38 5.23499 565
412 212 530 218 5.49562 725
412 60 532 46 5.41351 1644
412 252 594 250 5.6761 320
412 260 598 258 5.67677 320
412 68 534 56 5.40496 1644
412 316 558 358 5.36859 320
412 324 562 368 5.33032 320
412 84 536 70 5.3726 320
412 348 616 358 5.07205 725
412 356 618 368 5.13295 725
412 92 536 82 5.38094 363
412 100 532 92 5.39322 320
412 108 530 100 5.31737 363
412 28 536 10 5.00871 1219
412 116 532 106 5.2798 125
412 124 536 118 5.35634 125
420 140 540 136 5.2897 356
420 148 542 148 5.43521 356
420 156 542 156 5.45096 356
420 164 550 164 5.31261 315
420 172 550 172 5.36211 574
420 180 550 182 5.38767 356
420 188 548 190 5.45648 574
420 196 548 198 5.42498 574
420 236 602 236 5.62547 227
420 60 542 48 5.30738 480
420 244 606 242 5.58736 227
420 252 606 250 5.65291 227
420 276 574 308 5.45121 125
420 20 544 2 4.98653 1219
420 324 576 368 5.21178 258
420 84 544 78 5.27524 315
420 100 542 90 5.28722 258
420 108 542 100 5.35266 554
420 28 556 18 4.96333 4485
420 116 542 110 5.36609 554
420 124 544 118 5.31166 554
428 132 550 128 5.46079 492
428 140 550 138 5.3624 4065
428 36 562 28 4.97125 5179
428 148 550 144 5.38406 4065
428 156 550 154 5.33239 5179
428 44 560 34 5.0699 932
428 188 556 190 5.14288 398
428 196 608 196 5.08542 345
428 204 606 206 5.28305 125
428 52 550 38 5.26624 586
428 228 608 226 5.384 125
428 236 610 236 5.61186 227
428 60 550 46 5.33835 480
428 244 610 242 5.6025 227
428 252 616 250 5.65255 227
428 260 614 258 5.65507 227
428 68 550 54 5.32037 480
428 284 574 326 5.30927 227
428 292 574 334 5.32372 227
428 76 550 64 5.32315 345
428 100 550 92 5.44277 5179
428 108 550 100 5.44175 5179
428 28 554 28 4.9209 5145
428 116 550 106 5.34844 492
428 124 550 120 5.43946 492
108 156 238 158 4.72307 23
108 164 236 166 4.79306 55
108 172 236 174 4.78562 55
108 180 236 182 4.79316 405
108 220 218 226 5.01183 76
108 228 222 232 5.0707 23
108 236 226 242 4.98262 23
108 4 230 26 4.62055 5677
108 300 170 314 4.04874 292
108 332 158 362 4.16356 189
108 348 142 372 4.00568 409
436 132 558 128 5.44141 492
436 140 558 138 5.36242 4065
436 148 560 146 5.39431 4065
436 156 560 154 5.39713 5179
436 164 558 162 5.15995 125
436 180 560 174 5.08446 480
436 188 614 188 5.0986 522
436 196 616 194 5.13084 345
436 204 614 202 5.35907 125
436 52 562 40 5.21994 586
436 212 614 210 5.39326 125
436 220 614 218 5.4474 125
436 228 616 226 5.43717 125
436 236 616 234 5.36179 125
436 60 562 50 5.25663 480
436 260 620 260 5.63414 125
436 268 584 298 5.37769 125
436 276 584 308 5.42064 125
436 292 582 336 5.21979 554
436 76 558 62 5.30733 345
436 316 584 362 5.04442 125
436 20 566 16 5.10697 7378
436 84 560 74 5.28262 4154
436 92 558 82 5.41171 4415
436 100 558 90 5.43381 5179
436 108 558 98 5.43303 5179
436 28 570 24 5.12511 7378
436 116 558 108 5.35907 492
436 124 560 118 5.42479 492
444 132 570 126 5.46389 492
444 140 568 138 5.32807 3344
444 148 568 146 5.33645 4415
444 156 568 158 5.31995 5682
444 164 570 170 4.87885 554
444 180 618 178 4.94468 4852
444 188 618 188 5.02474 4852
444 204 620 202 5.20227 554
444 212 620 210 5.09642 554
444 220 618 220 5.10013 554
444 236 626 236 5.21413 554
444 60 568 46 5.13493 2000
444 244 622 246 5.20785 554
444 68 568 54 5.14355 1360
444 284 586 326 5.17659 554
444 292 586 338 5.23462 554
444 76 570 66 5.19996 554
444 84 568 74 5.30745 3344
444 92 566 80 5.41182 4415
444 100 568 90 5.44081 5179
444 108 566 100 5.4007 5179
444 116 568 110 5.43575 5179
444 124 568 118 5.4752 492
28 132 160 124 4.35446 2816
28 140 166 142 4.50233 2868
28 148 164 150 4.57514 1248
28 156 164 158 4.43247 2773
28 164 166 164 4.55759 3974
28 188 164 190 4.93476 3382
28 196 164 198 4.86687 3382
28 204 164 204 4.88449 3382
28 212 164 214 4.85936 3382
28 220 166 222 4.80721 5229
28 228 162 230 4.64961 6801
28 260 118 268 4.52155 3159
28 308 30 366 4.07298 19647
28 20 90 26 4.51238 3382
28 124 158 126 4.29288 3218
452 132 578 126 5.46731 492
452 140 576 136 5.37317 5682
452 36 582 34 5.17475 7636
452 148 578 144 5.30454 4415
452 156 580 158 5.18986 5682
452 164 582 168 4.95563 6375
452 172 624 172 4.87022 2416
452 180 624 178 4.9809 4852
452 188 624 188 5.01716 4852
452 4 582 0 5.41041 7591
452 260 624 260 5.34885 492
452 68 584 52 5.16175 3078
452 308 578 352 5.00022 492
452 20 582 16 5.32426 7636
452 84 578 74 5.28779 3344
452 92 576 82 5.41166 4171
452 100 576 92 5.41167 5179
452 108 576 100 5.41664 5179
452 28 578 26 5.21972 7591
452 116 576 110 5.45038 5179
452 124 576 118 5.46045 492
460 132 586 128 5.45689 4065
460 140 586 138 5.45279 4065
460 36 590 32 5.28061 7069
460 148 586 146 5.47727 4065
460 156 586 154 5.44884 5179
460 164 584 168 4.9365 6586
460 60 590 42 5.13418 2306
460 4 590 0 5.43235 7029
460 76 586 62 5.25738 753
460 84 586 74 5.37961 3344
460 92 586 82 5.39631 4171
460 100 586 92 5.36922 5179
460 108 584 100 5.40335 4171
460 116 584 110 5.37322 4171
460 124 586 118 5.44388 4065
116 148 250 146 4.68347 16
116 172 248 162 4.72724 12
116 44 150 48 4.61348 2375
116 204 230 210 5.01654 16
116 212 230 218 4.99597 12
116 220 230 224 5.0278 12
116 236 232 242 4.96454 23
116 260 134 274 4.58946 639
116 332 168 358 4.149 189
116 356 158 298 4.12921 1146
116 124 36 88 4.35319 12344
468 132 594 128 5.44734 4065
468 140 594 140 5.44109 4065
468 148 594 146 5.45404 4065
468 156 594 156 5.402 5179
468 164 590 182 4.80074 4194
468 236 642 234 4.67422 753
468 60 596 42 5.153 2306
468 68 594 52 5.15048 1284
468 76 594 62 5.23886 753
468 20 598 16 5.45292 7522
468 84 596 74 5.36984 3344
468 92 594 82 5.35079 4171
468 100 596 92 5.39231 5179
468 108 594 98 5.38965 4171
468 28 600 24 5.37782 7317
468 116 594 108 5.41719 4171
468 124 594 118 5.40609 4065
476 132 604 126 5.44285 4065
476 140 604 138 5.3991 5179
476 36 606 32 5.37882 3026
476 148 606 146 5.40358 4065
476 156 606 154 5.36777 5179
476 60 608 50 5.13263 6331
476 4 604 0 5.50539 7428
476 68 606 54 5.10552 3026
476 76 610 64 5.19729 2130
476 20 608 14 5.51076 3026
476 84 602 74 5.21753 4135
476 92 604 82 5.33878 4065
476 100 604 90 5.41348 5179
476 108 604 102 5.41329 5179
476 116 604 108 5.38042 5179
476 124 604 118 5.42838 4065
484 132 612 126 5.44455 4065
484 140 614 136 5.4201 5179
484 36 616 30 5.44267 3253
484 148 612 146 5.4229 4065
484 156 614 154 5.37786 5179
484 164 614 164 5.16369 6449
484 172 618 172 4.93556 6141
484 44 616 40 5.44752 4485
484 12 614 6 5.53115 3253
484 52 616 50 5.45911 4485
484 76 616 64 5.15339 3253
484 20 616 14 5.52797 3253
484 84 614 72 5.18881 3195
484 92 612 82 5.32972 4065
484 100 612 90 5.38173 5179
484 108 612 100 5.4011 5179
484 28 618 20 5.47075 3253
484 116 612 108 5.35247 5179
484 124 614 118 5.42611 4065
492 132 622 126 5.43207 5179
492 140 624 134 5.41831 5179
492 36 624 30 5.54673 3117
492 148 622 148 5.37628 5179
492 156 624 156 5.4067 5179
492 164 624 162 5.11374 6375
492 12 622 6 5.54965 3117
492 196 576 162 4.88796 3450
492 52 624 46 5.55255 4065
492 212 682 212 4.43778 3030
492 236 678 250 4.45409 3058
492 60 624 56 5.15701 6346
492 76 624 66 5.23718 3117
492 20 624 14 5.54853 3117
492 84 622 72 5.35426 3866
492 92 624 82 5.35988 4065
492 100 622 92 5.45278 5179
492 108 622 100 5.43823 5179
492 28 624 22 5.55592 3117
492 116 622 108 5.40305 5179
492 124 622 118 5.45531 5179
124 140 256 138 4.77899 16
124 36 178 2 4.56161 576
124 148 250 154 4.74337 0
124 204 236 208 5.07911 30
124 212 236 216 5.24797 3
124 244 162 258 4.72591 70
124 260 138 262 4.62858 128
124 268 142 272 4.67039 128
124 300 182 334 4.16238 80
124 316 182 354 4.1784 168
124 20 210 38 4.63426 284
124 324 138 336 4.09995 128
124 332 134 346 4.1056 128
124 340 138 344 4.21228 128
124 348 136 354 4.22974 128
124 108 258 110 4.73331 128
500 132 634 128 5.43273 5682
500 140 632 138 5.46259 4415
500 36 632 30 5.55684 3117
500 148 632 146 5.46978 5682
500 156 632 156 5.46169 5682
500 164 632 162 5.13603 6375
500 44 630 38 5.55914 4065
500 12 634 4 5.55106 3117
500 212 678 210 4.52665 2303
500 220 680 226 4.55685 6891
500 228 678 230 4.53609 6891
500 236 678 234 4.48541 8963
500 60 632 54 5.1229 5179
500 68 632 62 5.22717 5682
500 76 632 68 5.32514 4020
500 20 632 14 5.52971 3117
500 84 632 72 5.3337 3866
500 92 632 82 5.41897 4415
500 100 632 94 5.45346 5682
500 28 632 22 5.55433 3117
500 116 632 110 5.46367 5682
500 124 632 118 5.468 5682
508 132 640 130 5.41858 5739
508 140 640 138 5.51681 4171
508 36 642 30 5.49986 3117
508 148 640 146 5.51369 4171
508 156 640 154 5.50105 5739
508 164 640 162 5.17077 6597
508 12 642 4 5.53122 3117
508 196 588 162 4.97169 4737
508 212 688 210 4.74775 5924
508 220 686 216 4.54204 6992
508 228 690 228 4.59066 6891
508 68 640 60 5.41325 5739
508 76 640 66 5.41426 3687
508 20 642 12 5.52902 3117
508 84 640 74 5.38886 3687
508 92 640 82 5.4151 4171
508 100 640 94 5.50108 5179
508 108 640 104 5.51038 5179
508 28 640 22 5.48948 3866
508 124 640 118 5.49559 5179
1044 172 1118 80 3.90167 38537
1052 20 1042 6 4.37131 43008
1060 300 1106 308 3.98148 41803
1068 292 1118 366 4.00437 47300
1068 300 1112 308 3.93443 41803
1068 340 1074 350 4.04872 37623
1076 164 1142 120 3.9157 40458
1076 292 1126 366 4.04779 47300
1076 300 1122 320 3.94662 49159
1092 12 1062 2 4.35704 53816
1092 340 1026 298 4.21964 46275
1092 348 1024 304 4.25364 46275
1092 356 1050 354 4.06046 75442
1092 364 1050 362 4.07565 75442
1100 36 1174 8 4.2094 38272
1100 292 1150 296 4.02501 49240
1100 76 1176 14 4.29736 35930
1100 332 1102 322 4.10775 38620
1100 356 970 342 4.12242 46576
1100 364 972 350 4.12165 46576
1100 28 1172 2 4.18498 38272
1108 60 1180 0 4.31758 38537
1108 284 1022 208 4.25786 63147
1108 356 980 346 4.11472 46576
1108 364 1002 314 4.08838 49397
1108 92 992 126 4.43746 46266
1116 164 974 52 4.0887 69906
1116 172 974 62 4.1252 69906
1116 44 1190 18 4.39957 38272
1116 12 978 10 4.33574 40228
1116 204 1166 142 3.99608 40458
1116 52 1190 26 4.39792 38272
1116 68 998 58 4.43398 59181
1116 76 998 66 4.44408 59181
1116 20 966 20 4.26026 40228
1116 84 1000 122 4.46688 46266
1116 348 986 280 4.32876 45783
1116 364 1010 320 4.2236 45265
1116 28 1186 0 4.36447 38272
1116 116 1000 138 4.37671 46266
1116 124 1000 144 4.37045 46266
1124 172 980 62 4.02897 69906
1124 44 1196 18 4.34024 38272
1124 12 986 12 4.25189 40228
1124 220 986 114 4.01979 69906
1124 4 982 4 4.32775 40228
1124 20 974 18 4.23872 40228
1124 348 994 278 4.33372 45783
1124 356 990 288 4.30713 45783
1124 364 1014 318 4.25092 45265
1124 28 1192 0 4.32219 38272
1132 204 1012 236 4.23505 51504
1132 212 1012 242 4.22351 51504
1132 60 1006 88 4.52543 57574
1132 68 1006 82 4.52634 79673
1132 284 1034 214 4.47322 53257
1132 292 1036 224 4.48541 53257
1132 316 1022 256 4.29907 52653
1140 44 1016 64 4.52207 85624
1140 12 1014 38 4.39818 46266
1140 52 1016 82 4.55856 57574
1140 316 1030 254 4.33439 52653
1140 84 1016 130 4.52326 55646
1140 92 1016 136 4.52206 46266
1140 28 1016 50 4.48959 69216
1140 124 1014 154 4.42198 46266
1148 308 1024 32 4.44065 74318
1148 316 1022 38 4.49322 74318
1156 132 1104 198 4.42019 81475
1156 348 1178 354 4.44026 52716
1164 140 1110 206 4.44279 81475
1164 204 1030 234 4.34623 53257
1164 228 1214 296 4.05424 48312
1164 348 1188 354 4.43062 52716
1172 140 1126 206 4.42089 81475
1172 12 1022 26 4.48704 57571
1172 212 1038 244 4.34551 53257
1172 316 1030 242 4.41262 49334
1172 100 1066 358 4.13309 198241
1180 132 1136 200 4.42406 81475
1180 12 1024 26 4.4964 40228
1180 292 1060 250 4.43862 49474
1180 308 1056 266 4.47143 41279
1180 316 1050 276 4.43664 53257
1180 324 1074 274 4.62439 45305
1180 332 1074 282 4.6542 45305
1180 100 1070 360 4.14657 198241
1188 188 1138 266 4.19163 47952
1188 12 1034 24 4.5167 40228
1188 300 1050 220 4.5251 49334
1188 308 1046 230 4.56366 49334
1188 332 1082 282 4.60616 45305
1188 124 1162 194 4.18114 54717
1196 12 1034 22 4.5349 40228
1196 4 1030 18 4.54878 40228
1196 292 1184 214 4.46641 58008
1196 308 1058 228 4.5552 49334
1196 356 1230 336 4.49664 50603
1196 108 1074 358 4.12831 205826
1204 132 1164 202 4.42827 53293
1204 140 1166 208 4.44227 53293
1204 196 1164 280 4.18506 54946
1204 228 1128 314 3.91956 60453
1204 276 1048 226 4.54156 102138
1204 292 1046 236 4.52348 102138
1204 308 1070 226 4.58323 49334
1204 316 1108 260 4.40553 68000
1204 332 1088 282 4.63129 45305
1204 340 1062 282 4.61162 49474
1212 132 1170 202 4.43406 53293
1212 140 1170 208 4.41043 53293
1212 188 1188 274 4.44047 53293
1212 252 1216 282 3.86869 56574
1212 308 1074 226 4.61446 47087
1212 348 1070 288 4.58116 49474
1212 28 1040 22 4.5441 51180
1212 124 1122 194 4.31882 55646
1220 172 1190 258 4.44325 53293
1220 220 1176 368 4.02376 170372
1220 292 1080 236 4.60114 41279
1220 300 1078 222 4.65561 47087
1220 308 1082 226 4.6345 47087
1220 20 1050 18 4.50843 51180
1220 324 1178 242 4.58286 54325
1220 332 1084 274 4.62679 49334
1228 132 1054 0 4.37214 118729
1228 52 1064 32 4.41365 62116
1228 4 1062 18 4.44687 46266
1228 292 1074 236 4.56164 102138
1228 316 1190 236 4.62461 54325
1228 324 1194 244 4.61706 54325
1228 332 1094 270 4.64639 49334
1228 340 1094 278 4.60617 49334
1228 92 1064 146 4.40177 55646
1236 36 1072 28 4.42173 40228
1236 164 1128 246 4.24149 60453
1236 172 1128 250 4.23816 48767
1236 44 1072 34 4.45018 40228
1236 68 1066 54 4.46529 62116
1236 292 1120 274 4.56295 54646
1236 300 1196 226 4.55225 54325
1236 316 1198 236 4.60344 54325
1236 84 1066 74 4.39299 54558
1236 340 1234 342 4.47111 48291
1236 348 1198 280 4.42994 54325
1236 364 1136 294 4.35529 82375
1236 92 1066 82 4.41439 54558
1236 100 1074 184 4.39174 178676
