516 132 714 108 4.84901 509
516 140 712 118 4.7354 1719
516 148 710 134 4.78633 1719
516 156 710 144 4.8024 1719
516 164 710 152 4.52589 2068
516 172 826 162 4.32358 12758
516 44 708 22 4.45322 4898
516 196 826 186 4.6576 9510
516 204 828 196 4.53355 9510
516 212 826 202 4.63833 9510
516 220 826 212 4.61125 9510
516 228 1234 208 4.60042 10418
516 236 1240 226 4.47543 10216
516 252 1240 244 4.98243 5938
516 68 714 32 4.63999 389
516 92 710 58 4.65385 463
516 100 714 72 4.7406 389
516 108 714 80 4.73335 509
516 116 714 90 4.79543 389
516 124 714 100 4.77064 509
524 132 724 106 4.7575 603
524 140 718 128 4.73174 1573
524 36 718 12 4.6832 343
524 148 718 136 4.7073 1680
524 156 720 144 4.65519 1680
524 180 718 170 4.47813 662
524 188 714 178 4.4407 662
524 196 836 186 4.58298 16078
524 204 836 194 4.35596 16078
524 212 836 202 4.56869 9510
524 228 1240 208 4.45586 11059
524 236 1230 230 4.3873 11038
524 60 724 28 4.51139 2295
524 68 730 30 4.57976 463
524 276 1240 264 4.98856 5334
524 84 720 48 4.67209 463
524 100 726 72 4.75273 463
524 108 722 82 4.71261 463
524 116 722 90 4.72559 463
524 124 722 100 4.75306 603
132 140 300 124 4.55652 281
132 148 300 130 4.56687 234
132 156 300 140 4.66704 5
132 164 300 148 4.65958 5
132 172 300 156 4.73252 5
132 180 300 166 4.81719 234
132 188 300 174 4.80565 234
132 196 300 182 4.76489 234
132 204 300 190 4.76695 234
132 220 286 206 4.50621 0
132 228 282 216 4.56824 0
132 236 282 228 4.75496 0
132 244 284 236 4.71275 0
132 252 314 248 4.61647 14
132 260 322 262 4.30375 399
132 92 300 72 4.42063 188
132 100 302 80 4.4753 188
132 108 292 86 4.41191 769
132 124 288 102 4.71247 0
532 132 734 110 4.73522 611
532 36 726 12 4.6911 343
532 148 726 134 4.66911 683
532 156 728 144 4.70389 683
532 164 726 154 4.48709 4075
532 44 726 22 4.52399 4898
532 180 726 172 4.4485 662
532 188 724 182 4.50175 662
532 196 840 186 4.44966 9510
532 204 864 202 4.4381 1337
532 212 842 202 4.61469 9510
532 220 844 210 4.58544 9510
532 228 844 220 4.34177 15091
532 236 844 226 4.34988 15091
532 244 1240 238 4.79832 9520
532 76 714 46 4.59858 504
532 84 732 60 4.60058 683
532 92 734 66 4.61201 683
532 100 734 72 4.56649 490
532 108 734 82 4.64665 490
532 28 726 4 4.68866 343
532 116 734 90 4.59305 490
532 124 734 100 4.73647 611
540 132 742 110 4.73137 686
540 140 736 124 4.71933 4621
540 36 736 10 4.56282 343
540 148 738 134 4.73342 464
540 156 736 144 4.7738 464
540 164 734 152 4.70827 4621
540 172 744 162 4.65649 4460
540 180 742 168 4.59128 1699
540 212 870 208 4.45029 1337
540 220 852 210 4.35123 15091
540 228 852 220 4.40705 15091
540 236 856 226 4.45818 19756
540 68 724 36 4.61717 504
540 76 724 44 4.6151 504
540 84 740 60 4.598 464
540 92 740 66 4.63753 464
540 108 738 86 4.64826 686
540 28 736 2 4.60098 343
540 116 740 90 4.58566 686
548 36 746 10 4.57842 343
548 148 746 134 4.77505 610
548 156 746 144 4.79562 610
548 164 754 152 4.77086 4075
548 172 754 160 4.69803 5291
548 188 746 186 4.48747 683
548 204 878 200 4.41562 9007
548 228 864 220 4.43 19756
548 236 864 230 4.39179 19756
548 60 750 30 4.759 675
548 244 864 238 4.496 19756
548 68 748 40 4.74392 675
548 76 750 52 4.68805 675
548 84 750 60 4.58775 675
548 92 748 68 4.62464 675
548 100 748 78 4.66047 504
548 108 748 86 4.67659 504
548 28 744 2 4.62345 343
548 124 754 104 4.58588 504
556 140 756 126 4.79905 4621
556 36 754 10 4.56782 319
556 148 756 134 4.81439 662
556 156 756 144 4.84405 662
556 164 760 152 4.77844 4462
556 196 886 196 4.29818 6231
556 204 882 202 4.41896 8406
556 236 874 232 4.28083 19872
556 60 758 30 4.79561 675
556 68 758 40 4.77088 675
556 76 760 48 4.7738 607
556 84 758 58 4.74979 607
556 92 758 70 4.66266 662
556 100 758 78 4.66475 504
556 108 758 86 4.66951 504
556 28 752 2 4.59157 319
556 116 758 96 4.67584 675
140 132 298 110 4.59753 5
140 140 310 124 4.56193 281
140 148 306 132 4.59421 234
140 156 308 140 4.74011 5
140 164 308 148 4.7702 5
140 172 308 156 4.75847 5
140 188 308 174 4.8349 234
140 196 308 182 4.71403 234
140 204 306 192 4.74302 234
140 236 288 228 4.71266 5
140 244 322 238 4.62089 14
140 252 326 250 4.61985 14
140 260 334 258 4.34787 328
140 356 556 330 3.96015 10402
140 100 308 78 4.45796 188
140 116 298 96 4.44852 234
564 132 766 118 4.75596 662
564 140 766 126 4.74192 4621
564 36 764 8 4.5433 3570
564 148 766 134 4.81278 662
564 156 766 144 4.77117 662
564 164 768 152 4.71664 4462
564 44 764 16 4.46412 3170
564 188 756 170 4.40348 683
564 196 892 194 4.363 9007
564 204 890 202 4.41804 9007
564 52 770 20 4.46846 2642
564 220 894 210 4.39617 9007
564 228 892 222 4.2577 21145
564 60 770 30 4.77546 1972
564 252 870 254 4.35522 18822
564 260 1128 276 4.01873 53682
564 68 770 40 4.78519 1972
564 76 768 48 4.76639 1972
564 84 768 58 4.75485 1972
564 92 768 68 4.61808 662
564 100 770 74 4.5816 464
564 108 766 88 4.65247 1799
564 28 764 0 4.56941 3570
564 116 766 96 4.5608 1799
564 124 774 104 4.5583 683
572 132 778 116 4.632 662
572 140 776 126 4.74311 4462
572 36 774 8 4.46373 2846
572 148 772 136 4.77315 610
572 156 778 144 4.82251 662
572 164 780 152 4.76444 4462
572 172 780 162 4.62349 5770
572 180 778 174 4.50848 2375
572 196 902 190 4.3812 9007
572 204 902 198 4.41224 9007
572 212 904 206 4.39373 9007
572 220 902 214 4.34299 9007
572 228 900 224 4.21083 21145
572 60 778 30 4.80316 1972
572 244 938 248 4.14246 8970
572 252 938 256 4.18053 8970
572 68 778 40 4.78743 1972
572 276 1010 322 4.14222 21952
572 76 778 48 4.72787 1972
572 84 778 56 4.74814 1972
572 92 778 66 4.68384 662
572 100 778 76 4.64174 1799
572 108 778 86 4.53876 675
572 28 774 0 4.32473 3088
572 116 774 98 4.56651 675
36 156 218 138 4.15201 443
36 196 216 180 4.57607 131
36 212 214 196 4.53091 131
36 236 206 232 4.33297 214
36 4 294 8 4.30251 1637
36 276 118 294 4.17092 8017
36 284 112 306 4.14567 8017
580 132 784 116 4.67166 662
580 140 786 126 4.68519 4462
580 36 784 6 4.47655 3170
580 148 784 136 4.80569 662
580 164 794 152 4.75483 4646
580 44 782 16 4.46906 3170
580 52 790 20 4.5775 2642
580 220 908 226 4.10051 6231
580 60 788 28 4.81222 1972
580 68 788 38 4.81299 1972
580 76 788 50 4.72075 683
580 84 788 58 4.703 1972
580 92 786 66 4.65293 683
580 100 788 76 4.66266 1799
580 108 788 88 4.53577 1972
580 116 786 98 4.59964 1972
588 140 792 130 4.55782 4646
588 36 794 6 4.47331 3337
588 148 792 136 4.70935 4646
588 156 800 144 4.72993 4646
588 164 802 152 4.74704 4646
588 172 786 146 4.52457 730
588 52 796 20 4.59761 2642
588 60 798 28 4.84133 1972
588 68 798 38 4.81177 1972
588 76 798 46 4.73959 683
588 84 798 56 4.72694 1972
588 92 798 66 4.69799 730
588 100 798 76 4.63575 1799
588 108 794 88 4.55675 1972
588 116 794 96 4.59923 1972
588 124 782 110 4.49497 1972
148 132 314 114 4.5887 5
148 140 316 122 4.57624 5
148 148 316 130 4.59899 5
148 156 316 142 4.60936 0
148 164 318 148 4.61414 0
148 172 318 162 4.64328 0
148 44 380 50 4.302 65
148 188 316 174 4.77086 5
148 196 314 182 4.76453 5
148 204 314 192 4.71618 234
148 212 298 200 4.67986 234
148 220 298 214 4.73544 5
148 228 298 222 4.79904 234
148 236 298 228 4.8042 234
148 252 338 250 4.54634 253
148 260 346 256 4.31614 328
148 356 392 306 4.00693 5078
148 92 290 48 4.34312 3751
148 100 316 78 4.44649 188
148 108 312 86 4.33971 864
148 116 312 96 4.61908 234
596 140 842 120 4.37838 623
596 36 804 6 4.73426 2846
596 148 806 134 4.61689 5462
596 156 816 144 4.58723 675
596 164 816 152 4.65304 675
596 44 802 16 4.70937 2846
596 180 806 162 4.34722 675
596 220 906 186 4.22822 16090
596 236 736 270 4.1239 776
596 60 804 30 4.61324 1799
596 68 804 44 4.62036 210
596 76 804 50 4.63336 1799
596 84 808 56 4.74629 730
596 92 808 66 4.7494 730
596 100 808 78 4.64986 1799
596 108 806 86 4.53106 1799
596 116 806 96 4.55639 1799
604 140 818 120 4.38033 4179
604 36 812 6 4.67366 2846
604 148 818 134 4.53685 2141
604 156 826 144 4.56666 675
604 164 824 152 4.65239 675
604 44 812 14 4.70491 2846
604 180 814 162 4.35914 675
604 52 812 26 4.60106 3471
604 220 742 258 4.0279 765
604 60 812 34 4.60438 675
604 68 810 44 4.62613 210
604 76 812 52 4.60225 210
604 92 818 64 4.60859 210
604 100 816 76 4.51597 675
604 124 818 94 4.39488 210
612 132 820 118 4.30163 622
612 140 828 120 4.38698 3471
612 36 822 6 4.67144 2846
612 148 826 136 4.43973 2642
612 164 832 152 4.53218 3471
612 44 820 14 4.68791 3337
612 52 822 22 4.58245 3471
612 60 818 36 4.48526 607
612 244 728 234 4.01355 94
612 268 760 270 3.99892 946
612 68 820 44 4.54756 607
612 284 880 266 4.13369 1375
612 292 880 272 4.11098 1375
612 76 834 48 4.54591 3471
612 84 834 58 4.58329 3471
612 108 818 96 4.3179 3471
612 116 816 80 4.38881 607
612 124 838 106 4.40031 3295
620 36 832 4 4.66694 2846
620 148 846 134 4.53742 2793
620 156 846 142 4.5192 2793
620 164 846 152 4.39816 3751
620 44 832 12 4.64363 2846
620 180 838 162 4.43958 622
620 52 832 22 4.5556 2846
620 60 834 32 4.61838 2846
620 68 832 42 4.41882 3677
620 276 720 280 4.11329 1411
620 284 720 254 4.23433 3734
620 292 722 266 4.23314 3734
620 308 722 276 4.09894 3734
620 84 830 58 4.47123 645
620 108 842 84 4.40155 324
620 124 846 104 4.38564 324
156 132 320 112 4.60061 5
156 140 322 122 4.54122 5
156 148 324 128 4.59488 5
156 188 322 174 4.77704 5
156 196 322 182 4.7978 5
156 204 326 192 4.76792 234
156 52 390 56 4.32055 65
156 220 306 210 4.66839 5
156 244 302 236 4.64254 5
156 268 1034 254 4.42293 11709
156 284 1032 270 4.36491 11709
156 20 374 28 4.37426 65
156 332 1030 306 4.15143 21193
156 116 320 96 4.61145 234
156 124 318 104 4.60866 5
628 36 842 4 4.63272 2559
628 148 854 134 4.56236 2189
628 156 856 142 4.58676 2189
628 44 842 14 4.60471 2559
628 52 842 22 4.35837 764
628 220 742 210 4.14732 167
628 244 738 240 4.09887 167
628 260 890 254 4.07107 1160
628 292 728 262 4.1823 3734
628 76 840 54 4.51936 645
628 84 840 62 4.55482 645
628 92 854 66 4.52323 870
628 100 852 74 4.5939 3295
628 108 852 84 4.5531 3295
628 116 850 94 4.45688 870
628 124 850 102 4.45082 3295
636 132 850 112 4.35177 770
636 36 854 2 4.54925 2847
636 148 858 134 4.5949 2793
636 164 868 154 4.47669 4795
636 44 854 14 4.57665 2847
636 52 854 22 4.49051 2793
636 220 754 218 4.24079 94
636 236 742 234 4.19404 167
636 60 854 26 4.4763 2793
636 244 744 242 4.1255 167
636 68 866 34 4.47237 4882
636 76 854 48 4.39942 2793
636 308 968 270 3.96581 623
636 92 862 64 4.53244 870
636 100 862 74 4.58291 3295
636 108 862 84 4.57878 3295
636 116 860 94 4.46786 870
636 124 862 104 4.47003 3295
644 140 862 124 4.43789 3751
644 36 864 4 4.46996 2793
644 148 866 134 4.57312 2793
644 156 878 144 4.54598 4795
644 164 878 154 4.57482 4795
644 44 864 14 4.52285 2793
644 52 866 20 4.45912 2793
644 212 760 208 4.2141 2135
644 220 760 218 4.29576 94
644 228 758 226 4.21656 94
644 236 756 234 4.14486 2135
644 60 866 26 4.46533 2793
644 68 874 34 4.43339 4882
644 76 858 50 4.41168 3751
644 308 978 272 3.91284 623
644 84 854 60 4.47651 3751
644 108 870 86 4.37758 324
644 124 862 100 4.44757 3295
652 140 866 126 4.25899 870
652 156 888 144 4.54037 4795
652 164 888 154 4.58722 4795
652 172 878 162 4.37687 2175
652 52 882 10 4.31706 2155
652 220 760 200 4.11855 1664
652 236 762 226 4.20622 2135
652 60 886 22 4.38629 838
652 68 886 32 4.37958 838
652 84 874 62 4.37184 2189
652 92 872 68 4.51293 870
652 100 872 74 4.43759 870
652 108 880 78 4.41764 870
652 116 870 90 4.39806 3295
652 124 870 102 4.36338 3295
164 132 328 114 4.663 234
164 164 330 148 4.31564 14
164 172 328 154 4.42275 281
164 188 330 174 4.79684 5
164 196 328 182 4.80376 5
164 204 328 192 4.7829 234
164 212 330 200 4.63329 5
164 220 312 210 4.69807 5
164 228 310 222 4.79197 234
164 236 310 230 4.79346 234
164 244 306 236 4.55772 0
164 68 302 14 4.34904 593
164 76 304 24 4.38812 593
164 92 302 34 4.35092 593
660 132 882 110 4.25231 770
660 140 878 124 4.35065 770
660 36 896 2 4.33277 3777
660 156 886 150 4.33141 770
660 164 886 154 4.46825 2175
660 172 886 162 4.39185 2175
660 188 898 174 4.35798 752
660 196 898 178 4.31438 752
660 52 898 12 4.41081 3358
660 236 768 222 4.24458 2135
660 60 896 22 4.45787 838
660 252 870 282 4.04096 700
660 68 896 32 4.4142 838
660 84 886 70 4.32838 584
660 92 884 82 4.35744 584
660 100 888 70 4.3296 2175
668 148 904 134 4.35058 3358
668 156 906 144 4.29845 3358
668 164 908 154 4.33625 4589
668 44 892 8 4.33605 4791
668 188 906 174 4.33718 752
668 196 906 178 4.38034 752
668 52 906 14 4.28717 2155
668 252 820 324 4.01384 3123
668 84 906 52 4.30486 838
676 148 912 134 4.31285 3358
676 52 918 14 4.25198 3544
676 228 954 258 4.14767 4904
676 236 952 266 4.13849 4904
676 60 906 42 4.34412 5603
676 252 826 290 4.0589 3014
676 108 836 98 4.30575 6042
684 140 914 112 4.21807 3478
684 148 920 134 4.25269 3478
684 156 918 142 4.34708 3478
684 172 914 166 4.26753 3358
684 180 914 176 4.25903 1779
684 188 912 184 4.15945 883
684 220 976 216 4.13756 13730
684 236 834 306 4.08938 1872
684 244 834 314 4.09194 1872
684 76 914 44 4.29458 993
684 28 830 10 4.24303 10356
172 140 334 122 4.688 5
172 148 336 130 4.57887 5
172 156 338 142 4.26077 281
172 164 340 150 4.30807 14
172 172 338 156 4.33707 281
172 188 336 174 4.8003 5
172 196 338 182 4.78566 5
172 204 336 192 4.76684 234
172 212 336 200 4.69408 5
172 228 322 222 4.78491 234
172 236 320 228 4.75829 234
172 244 314 238 4.61616 0
172 92 314 38 4.39041 593
172 124 334 102 4.61384 5
692 156 922 142 4.22891 3358
692 164 926 156 4.36649 813
692 172 920 166 4.38594 1533
692 188 920 186 4.31432 813
692 284 840 296 3.95283 2008
700 148 936 136 4.20538 4899
700 156 938 146 4.19754 1469
700 164 936 156 4.42506 4778
700 172 936 166 4.40029 4778
700 180 934 178 4.33642 1469
700 188 934 184 4.29377 883
700 204 978 208 4.13042 5493
700 300 1038 316 4.0312 10337
700 308 1038 326 4.02864 10337
44 180 224 164 4.39345 5330
44 188 222 172 4.57608 131
44 12 316 30 4.43675 2254
44 196 224 180 4.59923 131
44 212 222 196 4.48685 131
44 268 700 342 4.15125 22618
44 276 130 294 4.17857 8017
44 316 368 280 3.98466 2148
44 332 334 298 4.04101 3145
44 340 362 312 4.02815 3391
44 348 274 322 3.96778 5834
44 28 318 50 4.39508 2254
708 156 950 146 4.24764 1469
708 164 946 156 4.38867 4778
708 172 946 166 4.40538 4778
708 180 944 178 4.41058 1469
708 188 946 186 4.14125 883
708 204 950 208 4.15628 2947
708 60 948 88 4.26921 1140
708 76 946 98 4.31302 969
708 324 1006 332 4.07094 9474
708 84 948 104 4.32297 969
708 100 950 114 4.23134 969
716 148 952 128 4.31087 1469
716 156 952 146 4.30218 1533
716 164 952 154 4.36111 813
716 172 952 162 4.35563 813
716 188 954 186 4.15174 813
716 228 724 240 4.06293 9325
716 268 958 336 4.09769 2976
716 276 958 344 4.08247 2976
716 292 958 362 3.88519 2976
716 300 882 364 3.88538 3620
716 92 954 104 4.35203 4778
716 108 954 94 4.33763 4731
716 124 954 114 4.31964 4778
180 132 338 112 4.29169 0
180 180 996 144 4.19419 12003
180 188 344 174 4.71228 0
180 196 344 182 4.74672 0
180 220 326 210 4.68571 0
180 236 334 238 4.61079 5
180 76 330 14 4.45175 639
180 84 330 24 4.50371 593
180 124 344 102 4.35795 211
724 140 960 112 4.25746 863
724 148 960 128 4.28007 1469
724 164 960 154 4.29537 4778
724 100 960 110 4.22968 810
732 132 970 116 4.22695 1140
732 140 982 126 4.05602 1454
732 156 978 148 4.17021 1140
732 220 968 216 4.13732 4933
732 76 970 98 4.21936 1140
732 84 970 108 4.24457 1140
740 140 980 104 4.10628 1047
740 60 922 106 3.9621 1047
188 140 346 120 4.49081 589
188 148 344 128 4.52895 589
188 156 344 146 4.47169 0
188 172 344 154 4.60524 0
188 180 344 162 4.61115 0
188 188 354 174 4.54424 67
188 12 450 8 4.47697 769
188 196 354 184 4.52225 67
188 228 334 220 4.63866 931
188 76 336 16 4.42075 639
188 324 1050 288 4.45382 11986
188 84 338 24 4.47685 593
764 140 1030 126 3.9824 6184
764 244 960 326 4.05449 8118
764 100 1034 76 4.02703 6184
764 108 1034 86 4.0765 2337
764 116 1034 98 4.09718 6184
764 124 1030 106 4.16064 6184
12 148 178 56 3.98195 1850
12 252 142 248 4.16811 1850
12 268 0 72 4.16953 47158
12 284 144 274 4.19038 1352
12 292 144 282 4.2658 2895
12 340 248 314 4.16787 3743
12 348 250 320 4.09747 3743
12 100 200 60 4.24536 431
12 116 94 62 4.16494 446
12 124 94 68 4.1316 446
772 132 1040 118 4.06175 2535
772 140 1042 124 4.10269 6184
772 148 1042 136 4.18971 7868
772 76 1044 42 4.14917 2535
772 84 1042 52 4.11562 2535
772 92 1042 66 4.16672 2535
772 100 1042 74 4.13304 2535
772 108 1042 86 4.20355 2535
772 116 1042 94 4.28525 6327
772 124 1042 104 4.27627 6327
780 132 1054 116 4.22884 2337
780 140 1052 126 4.08233 6184
780 36 954 40 3.95782 7737
780 148 1050 138 4.13587 7868
780 156 1050 146 4.21015 7868
780 44 954 48 3.99755 7737
780 196 1114 202 3.99672 33403
780 76 1054 44 4.09281 2535
780 84 1054 54 4.16196 2535
780 92 1054 62 4.21375 2535
780 100 1054 74 4.14782 2535
780 108 1054 86 4.11553 2535
780 28 922 192 3.89308 170697
780 116 1052 96 4.2512 6327
780 124 1052 104 4.29392 6327
196 132 346 110 4.45402 3487
196 140 352 120 4.56142 589
196 148 352 130 4.61471 589
196 156 352 142 4.63448 0
196 172 352 158 4.68742 0
196 180 352 164 4.61473 0
196 196 362 182 4.48088 589
196 204 352 194 4.58411 3487
196 212 352 202 4.59405 3487
196 220 346 214 4.6449 150
196 324 1058 290 4.56703 15915
788 132 1064 116 4.25558 6327
788 140 1064 126 4.15784 6327
788 148 1064 136 4.20127 7868
788 76 1064 44 4.15572 2535
788 84 1064 52 4.21293 2535
788 92 1066 64 4.12999 2535
788 100 1066 74 4.13985 2535
788 116 1064 94 4.29096 6327
788 124 1066 104 4.28744 6327
796 132 1074 118 4.20731 6327
796 140 1074 126 4.12912 6327
796 148 1074 136 4.13869 7868
796 156 1074 146 4.17269 7868
796 84 1074 54 4.14831 2535
796 92 1074 64 4.08589 2535
796 100 1080 72 4.17409 8906
796 116 1074 96 4.26622 6327
796 124 1074 104 4.28942 6327
804 132 1088 116 4.10656 20429
804 140 1088 124 4.06486 20429
804 148 1086 138 4.11407 8906
804 156 1086 146 3.99297 8906
804 100 1088 72 4.13689 8906
804 108 1088 82 4.13027 8906
804 116 1086 96 4.176 8906
804 124 1086 104 4.22421 8906
204 132 354 110 4.52788 0
204 140 362 120 4.47049 802
204 156 368 138 4.63899 0
204 172 368 158 4.65403 0
204 180 366 168 4.59518 0
204 196 348 198 4.4825 295
204 220 350 226 4.6358 295
204 228 350 222 4.65386 157
204 236 350 232 4.59372 3299
204 116 350 92 4.37343 3299
820 116 98 82 4.08032 34814
52 164 226 122 4.05127 298
52 180 232 164 4.38525 1353
52 188 232 172 4.43848 51
52 12 322 30 4.39186 2254
52 196 232 180 4.5463 51
52 204 230 188 4.49334 51
52 212 230 198 4.44231 51
52 220 230 206 4.46027 131
52 68 344 10 4.32936 4251
52 276 164 306 4.15438 13828
52 292 166 324 4.17775 12257
52 316 342 282 4.04794 3391
52 324 346 288 4.05344 3391
52 332 340 298 4.11285 3391
52 340 340 306 4.11583 3391
52 356 302 336 4.05274 3743
52 364 286 338 4.02995 7146
52 28 324 48 4.35597 2254
212 132 362 110 4.47043 0
212 140 376 122 4.56254 738
212 148 376 130 4.65898 2971
212 156 376 138 4.68437 0
212 164 374 150 4.65235 0
212 172 376 158 4.67891 0
212 44 448 66 4.50588 900
212 180 376 166 4.64934 0
212 188 376 170 4.53449 2926
212 212 360 204 4.66212 2971
212 220 360 212 4.72158 2971
212 228 360 220 4.68468 3487
212 236 358 232 4.58563 2971
212 76 400 64 4.45048 1533
212 308 1064 282 4.82472 18660
212 124 358 98 4.43064 3579
852 164 952 176 4.03748 26178
868 364 0 268 4.06432 25689
876 196 138 98 4.22187 21714
876 20 930 80 3.89653 37523
876 364 10 268 4.11602 25689
220 164 386 148 4.64656 738
220 180 390 170 4.40183 1593
220 196 380 186 4.51197 334
220 204 380 194 4.53263 51
220 212 368 204 4.67544 2971
220 220 368 214 4.6553 2971
220 228 368 222 4.67543 150
220 236 362 234 4.61264 51
220 4 450 24 4.57847 0
220 308 1038 272 4.94483 15862
884 188 154 92 4.12888 14147
884 4 960 66 3.79227 17151
884 20 1054 8 3.88773 32894
884 324 34 262 4.03585 18636
884 356 122 294 4.14606 11763
892 180 182 70 4.03694 21105
892 188 160 92 4.20494 14147
892 196 158 98 4.21652 21714
892 324 8 296 4.14458 23751
892 348 128 282 4.10918 11763
900 148 1150 94 3.9625 46571
900 44 1078 46 3.94721 28041
900 180 190 72 4.12031 21105
900 196 194 90 4.22128 24448
900 220 170 126 4.22691 9309
900 236 172 138 4.23598 23774
900 4 976 68 4.01599 17151
900 324 130 266 4.13401 11695
900 348 78 268 4.15263 16821
900 356 110 320 4.15977 25179
900 100 1050 18 4.00648 52838
908 188 174 172 4.26253 6826
908 196 174 180 4.414 12900
908 244 110 218 4.3971 25808
908 252 110 226 4.46166 25808
908 356 82 280 4.16184 11365
228 132 390 110 4.41142 1209
228 140 390 118 4.62639 933
228 148 390 130 4.67585 3459
228 156 390 138 4.72648 3459
228 164 392 148 4.68619 933
228 180 394 168 4.52896 114
228 188 1094 178 4.41172 14540
228 196 390 184 4.56359 3823
228 204 386 194 4.65944 114
228 212 378 204 4.68238 2977
228 220 376 212 4.66147 2977
228 236 374 234 4.59862 51
228 60 380 6 4.53777 2136
228 68 380 16 4.58011 2136
228 340 1082 314 4.91479 19491
228 100 414 30 4.52609 733
916 164 112 162 4.09459 15844
916 12 1054 6 3.9952 41363
916 196 178 180 4.37366 12900
916 220 28 190 4.38852 27801
916 300 64 250 4.09946 12535
916 332 8 254 4.15854 42367
924 164 134 158 4.18801 15844
924 12 1066 8 4.05792 41363
924 196 132 178 4.42224 25808
924 244 126 220 4.47792 25808
924 4 1062 0 4.07814 41363
924 332 16 264 4.18343 46307
924 340 14 260 4.18928 42367
932 132 182 162 4.25987 8901
932 212 134 198 4.55209 24648
932 276 154 226 4.37967 6826
932 308 170 246 4.27309 32928
932 316 174 252 4.42512 33500
932 324 170 262 4.37574 33500
932 332 106 254 4.16562 22512
932 348 112 278 4.17403 18636
932 356 116 256 4.15477 12703
940 204 140 192 4.56546 24648
940 220 186 166 4.49493 25150
940 228 186 176 4.53498 11014
940 4 1070 2 3.97438 41363
940 308 166 244 4.35565 31388
940 316 182 252 4.43497 8713
940 324 178 260 4.43137 31875
940 356 118 286 4.12026 18636
236 132 398 110 4.43984 1209
236 140 396 122 4.57006 933
236 36 336 34 4.50944 150
236 148 398 132 4.70282 3459
236 156 396 138 4.68305 3459
236 172 398 158 4.69787 2632
236 180 398 166 4.60864 2632
236 188 398 176 4.59257 62
236 196 398 184 4.68891 62
236 212 398 198 4.64154 114
236 228 382 222 4.68065 2632
236 236 380 234 4.65227 51
236 4 410 0 4.52096 3480
236 68 386 16 4.59193 2136
236 340 1090 310 4.94665 19491
236 108 378 78 4.44744 4178
948 212 144 198 4.49244 24648
948 220 196 168 4.5096 25150
948 228 142 212 4.52335 24648
948 236 186 206 4.55051 14319
948 268 122 198 4.49785 36369
948 284 22 222 4.43419 36792
948 308 178 242 4.39083 31388
948 316 186 252 4.41987 31875
948 340 162 272 4.22299 21683
948 364 210 296 4.16236 25921
956 156 206 154 4.3831 6826
956 220 150 202 4.54301 24648
956 228 150 214 4.53807 24648
956 268 132 200 4.52275 36369
956 300 18 224 4.36214 19774
956 316 202 246 4.39376 8713
956 324 186 258 4.44014 31388
956 332 186 270 4.41697 31388
956 340 182 276 4.25228 14319
956 348 186 282 4.16682 8713
956 356 184 290 4.15343 8713
60 196 242 180 4.5297 214
60 228 236 214 4.44923 131
60 236 238 232 4.35816 131
60 60 662 52 4.41841 10706
60 244 234 240 4.34661 131
60 252 170 288 4.20112 13828
60 76 294 38 4.35494 3325
60 20 326 38 4.37656 2254
60 324 334 282 4.04368 411
60 348 260 328 4.07706 4136
60 356 306 344 4.06947 8074
60 364 272 352 3.98888 8742
964 148 218 150 4.26294 10074
964 156 218 158 4.4493 6826
964 164 218 162 4.4095 6826
964 212 52 202 4.46011 29843
964 228 212 176 4.49148 11014
964 260 210 210 4.52071 9165
964 276 182 218 4.55603 17098
964 308 186 244 4.37082 10067
964 324 192 258 4.4423 31388
964 332 192 268 4.39849 31388
964 348 192 284 4.14509 8713
964 356 192 290 4.18803 8713
964 364 204 310 4.1467 17094
964 124 1154 96 4.13262 69188
972 172 162 158 4.26157 12447
972 196 124 170 4.23636 41557
972 252 40 190 4.38233 21874
972 76 1116 30 4.29566 42571
972 308 230 230 4.35767 9309
972 316 162 258 4.2482 12086
972 84 1116 38 4.29268 42571
972 364 170 274 4.14215 15904
972 92 1116 50 4.30885 42571
972 116 1114 62 4.29141 50025
972 124 1114 70 4.27387 50025
244 132 398 112 4.51576 474
244 140 406 120 4.5411 933
244 148 404 132 4.6568 3459
244 156 404 140 4.6877 3459
244 164 404 150 4.67245 3459
244 172 404 158 4.72107 2632
244 180 404 166 4.70842 2632
244 188 404 176 4.70438 62
244 196 404 184 4.69727 62
244 204 406 196 4.66438 234
244 212 400 206 4.6309 62
244 220 392 212 4.67397 2632
244 228 390 222 4.6713 2632
244 60 436 12 4.55459 1206
244 4 430 10 4.48953 72
244 100 408 86 4.5701 457
244 108 406 92 4.49335 457
244 28 398 14 4.50732 239
244 116 392 90 4.52482 474
244 124 396 102 4.50478 474
980 196 130 166 4.24578 41557
980 204 150 136 4.24362 13489
980 212 152 170 4.29971 29528
980 268 188 198 4.55058 22269
980 284 170 224 4.43164 36369
980 76 1120 6 4.22521 52003
980 84 1120 30 4.25819 50025
980 92 1122 50 4.25952 42571
980 116 1120 62 4.30763 50025
980 124 1120 74 4.2995 50025
988 188 254 104 4.46311 10067
988 204 258 118 4.39512 10067
988 212 64 186 4.42872 29843
988 220 64 196 4.40411 29843
988 228 62 206 4.32569 29843
988 260 218 200 4.48771 13578
988 300 232 224 4.36753 9389
988 332 186 276 4.30032 24230
988 84 1038 62 4.12472 66973
988 348 214 288 4.16687 11565
988 356 216 296 4.20362 11565
996 188 166 184 4.5604 8832
996 196 162 192 4.51058 8832
996 212 118 194 4.46027 44187
996 244 184 190 4.53094 21683
996 252 198 224 4.39126 26083
996 300 206 226 4.37635 13578
996 324 220 262 4.33312 31875
996 332 192 276 4.22907 20162
996 340 238 290 4.19129 35525
996 348 242 296 4.20945 35525
1004 188 168 184 4.57851 8071
1004 196 170 192 4.53638 8071
1004 220 194 166 4.5071 18216
1004 268 206 210 4.52217 9724
1004 292 146 226 4.42648 17925
1004 332 224 280 4.25167 8713
1004 100 1006 50 4.2255 57372
1004 124 1186 74 4.05556 47510
252 132 414 114 4.52259 1133
252 140 414 120 4.67866 799
252 148 412 134 4.76043 3459
252 156 412 140 4.72701 3459
252 164 412 150 4.69633 3459
252 172 414 158 4.68723 114
252 180 412 166 4.69148 114
252 188 412 176 4.66059 234
252 196 412 190 4.65302 3480
252 204 412 194 4.68061 62
252 212 410 202 4.64409 62
252 220 400 218 4.67249 3256
252 244 1042 242 5.3596 9094
252 268 1042 258 5.38603 9094
252 276 1046 250 5.39956 9094
252 292 1050 262 5.3995 9094
252 300 1054 270 5.39939 9094
252 20 414 8 4.59038 9
252 92 410 62 4.58771 411
252 100 406 74 4.65372 411
252 28 414 16 4.60207 9
252 116 414 98 4.52758 457
252 124 414 104 4.56524 457
1012 148 86 94 4.095 20636
1012 188 176 184 4.58099 8071
1012 196 178 192 4.54028 8071
1012 276 186 220 4.58328 21683
1012 300 152 232 4.42954 17925
1012 332 234 282 4.26163 8713
1012 340 222 282 4.29454 18216
1012 348 250 296 4.23758 13638
1012 92 1018 40 4.24367 57372
1020 172 48 168 4.2556 50552
1020 180 46 174 4.24526 53150
1020 4 1018 10 3.7239 69792
1020 268 192 214 4.52475 21683
1020 276 192 220 4.57883 21683
1020 308 200 254 4.36704 24648
1020 324 234 254 4.30631 18216
1020 340 234 262 4.26594 11251
1020 348 206 284 4.24545 22562
1020 356 204 288 4.12193 13198
4 60 380 58 4.32775 3743
4 4 316 6 4.42101 9559
4 340 234 314 4.10544 5834
4 100 196 58 4.25221 431
4 116 82 62 4.13676 468
4 124 86 68 4.05719 468
260 140 420 120 4.65998 799
260 156 420 140 4.58488 3480
260 172 418 158 4.60961 2632
260 180 418 168 4.61619 2632
260 188 418 176 4.64111 62
260 204 418 194 4.63663 62
260 212 418 206 4.67347 62
260 220 418 212 4.63403 3480
260 276 1054 250 5.39956 9094
260 292 1058 266 5.3995 9094
260 76 414 38 4.59478 522
260 332 1062 312 4.87027 18348
260 92 414 64 4.67695 522
260 100 412 72 4.67925 522
260 28 420 14 4.59231 9
268 156 420 134 4.62192 389
268 164 420 150 4.58372 389
268 12 446 6 4.49111 2977
268 204 420 184 4.70334 81
268 52 420 16 4.54811 2749
268 60 420 24 4.64617 1252
268 244 1058 242 5.34225 9730
268 4 464 2 4.48329 72
268 68 420 34 4.53679 1252
268 76 420 42 4.78175 509
268 84 420 52 4.77168 509
268 92 422 64 4.71847 509
268 108 434 82 4.6441 2068
268 116 420 92 4.65436 1062
268 124 422 100 4.70062 1062
68 140 250 90 4.17389 132
68 188 242 174 4.45683 131
68 220 242 206 4.39576 298
68 236 246 226 4.32895 131
68 244 250 242 4.28091 140
68 284 166 330 4.18795 14708
68 300 354 260 4.1946 3391
68 76 306 42 4.38444 133
68 316 352 282 4.16568 3391
68 324 354 288 4.12128 3391
68 84 308 50 4.41181 133
68 340 270 318 4.03327 4136
68 348 312 336 4.07598 8074
68 356 322 340 4.07731 5673
68 364 314 334 4.08884 3743
68 92 314 42 4.36688 294
276 132 428 110 4.76954 1004
276 140 428 120 4.78708 1004
276 148 428 128 4.69768 389
276 156 428 138 4.69407 389
276 164 426 150 4.64689 389
276 172 428 170 4.69053 1843
276 180 442 170 4.75314 1004
276 188 442 176 4.75177 1004
276 196 426 182 4.7051 1342
276 204 426 198 4.79227 2089
276 212 426 206 4.84955 1004
276 220 426 216 4.86812 65
276 228 426 226 4.89968 65
276 60 428 24 4.68182 1252
276 68 430 32 4.59432 1252
276 76 428 44 4.78965 509
276 84 426 52 4.796 509
276 92 434 56 4.69612 463
276 100 426 72 4.64657 509
276 108 426 80 4.68413 2089
276 116 428 90 4.83118 1004
276 124 426 100 4.82508 1004
284 132 446 110 4.95563 490
284 140 448 122 4.94428 490
284 148 446 132 4.96183 490
284 156 446 140 4.99577 490
284 164 448 148 4.92673 1770
284 180 448 168 5.06561 1325
284 188 448 176 5.05367 1325
284 212 448 202 4.87117 2192
284 220 450 212 4.91944 2192
284 60 434 26 4.59722 1252
284 300 1072 272 5.39442 9730
284 84 440 50 4.74584 611
284 340 1104 322 4.89397 19160
284 92 442 56 4.62057 463
284 100 432 72 4.65011 509
284 108 450 86 4.68386 2939
284 116 450 98 4.78445 1623
284 124 456 102 4.87759 87
292 132 456 112 5.01822 573
292 140 456 120 4.9587 573
292 148 456 132 5.03136 633
292 156 456 140 5.02861 2227
292 164 458 150 5.05866 2227
292 172 458 158 4.97289 573
292 180 456 168 5.09916 633
292 188 456 176 5.11491 633
292 196 454 184 5.07499 633
292 204 454 194 5.07008 633
292 212 456 204 4.98592 2227
292 220 456 214 4.9664 1536
292 60 446 24 4.59906 1252
292 300 1082 270 5.38756 9094
292 76 446 42 4.71328 611
292 332 1100 318 4.95162 18348
292 84 448 46 4.67529 611
292 124 456 104 4.92062 60
300 132 464 112 5.02288 490
300 148 464 132 5.02654 633
300 156 464 140 5.04929 2227
300 164 464 150 5.07369 563
300 172 464 158 5.09975 2991
300 180 464 168 5.11559 633
300 188 464 178 5.11702 695
300 196 464 186 5.10087 2991
300 204 464 194 5.0909 695
300 52 442 32 4.57564 3242
300 212 464 204 4.88318 2227
300 220 446 216 4.89086 87
300 228 446 226 4.90656 87
300 236 1106 230 5.1475 9232
300 68 466 28 4.60942 389
300 76 466 50 4.69555 611
300 324 1108 310 4.9523 18348
300 332 1108 318 4.95139 18348
300 92 456 62 4.79955 2174
300 100 454 74 4.73113 2174
300 108 458 82 4.7817 2991
300 116 458 90 4.83003 1623
76 148 254 96 4.19724 132
76 180 248 164 4.40155 1353
76 188 248 174 4.48317 131
76 196 248 182 4.47719 131
76 236 256 226 4.37152 131
76 244 254 232 4.31371 131
76 332 330 314 4.05746 3661
76 340 298 328 4.04737 6140
76 348 272 338 4.06392 4136
76 356 322 326 4.122 3743
76 364 322 334 4.09729 3743
308 132 474 112 5.00673 490
308 140 474 122 4.99555 490
308 36 446 14 4.55737 0
308 148 474 130 5.0147 633
308 156 472 142 5.04623 2227
308 164 472 150 5.05099 563
308 172 472 158 5.05871 2991
308 44 452 22 4.58861 3242
308 180 472 170 5.12025 633
308 188 472 178 5.13399 633
308 196 472 186 5.1223 2991
308 204 472 196 5.0813 695
308 212 472 204 4.98596 2227
308 220 474 214 4.95267 1536
308 228 1090 222 4.96986 11993
308 60 474 22 4.56911 2549
308 4 450 6 4.49708 62
308 268 1074 266 5.41027 893
308 68 474 30 4.57257 389
308 276 1070 270 5.41027 893
308 300 1086 272 5.35069 9094
308 308 1066 298 5.15571 893
308 84 470 56 4.77005 611
308 100 462 70 4.78973 2174
308 108 466 86 4.77504 2991
308 116 464 90 4.82702 1623
316 132 480 112 4.91734 573
316 140 482 124 4.9233 686
316 148 482 132 5.03046 633
316 156 482 140 5.06629 2227
316 164 482 150 5.05193 2227
316 172 482 158 5.0292 2991
316 180 482 168 5.11904 633
316 188 482 178 5.13974 633
316 196 482 186 5.09019 2991
316 204 480 194 5.07608 633
316 212 480 204 5.041 2174
316 68 488 26 4.52944 389
316 76 488 34 4.55352 389
316 324 1078 314 4.96664 10629
316 84 476 58 4.71095 633
316 92 480 64 4.7874 1770
316 100 482 72 4.77238 1770
316 28 440 18 4.5741 62
20 204 202 188 4.50157 131
20 212 202 196 4.53615 131
20 4 158 8 4.27599 72
20 260 158 250 4.27209 1850
20 268 62 282 4.12065 68532
20 276 122 318 4.14765 19805
20 284 176 298 4.17002 2521
20 100 210 60 4.26184 431
20 116 266 90 4.19551 30
20 124 106 68 4.10831 446
324 148 492 132 5.03253 695
324 156 490 140 4.95967 695
324 164 490 150 5.02672 563
324 172 490 160 5.0534 2991
324 180 490 168 5.10462 695
324 188 490 178 5.11074 695
324 196 490 186 5.10803 2991
324 204 490 196 5.06038 695
324 212 490 204 5.04848 2174
324 220 486 214 5.0483 2192
324 228 478 226 5.04282 2353
324 268 1082 254 5.41008 893
324 68 498 24 4.5163 389
324 84 492 42 4.62493 695
324 92 486 62 4.77898 1770
324 100 490 62 4.77435 463
324 116 492 100 4.779 3296
324 124 482 102 4.72223 1807
332 132 494 110 4.86187 490
332 140 490 120 4.82611 490
332 36 466 8 4.47504 5158
332 148 498 132 4.94165 633
332 156 500 140 5.01097 633
332 172 498 158 5.01269 2353
332 180 498 166 5.04843 633
332 188 498 180 5.02249 2353
332 196 498 186 5.01851 633
332 204 498 196 5.04448 633
332 220 486 216 5.01019 2353
332 252 1098 244 5.39797 893
332 260 1094 250 5.40019 893
332 268 1090 258 5.40936 893
332 300 1084 290 5.25458 1226
332 316 1154 294 5.0529 13432
332 92 502 62 4.70359 2227
332 100 498 64 4.7572 463
332 108 488 78 4.81223 2939
332 28 478 10 4.50073 51
332 116 500 98 4.78089 3296
84 156 476 162 4.19179 6253
84 236 250 228 4.36111 4197
84 244 266 234 4.26064 51
84 68 326 40 4.33251 133
84 284 70 288 4.12093 42430
84 316 314 274 4.10467 1862
84 324 376 288 4.0648 3391
84 332 290 322 4.09743 4136
84 340 336 324 4.08124 3661
84 348 282 322 4.04573 5692
84 364 324 350 4.0641 7146
340 132 508 114 4.91745 60
340 148 508 132 4.99938 633
340 156 508 140 4.99429 633
340 164 510 152 4.98386 490
340 172 510 160 4.99618 490
340 188 510 178 5.02801 633
340 196 508 188 5.0385 633
340 204 508 196 5.04534 633
340 212 510 204 4.9822 2227
340 220 510 216 5.01781 2939
340 228 512 224 5.02095 2939
340 268 1078 254 5.41186 893
340 276 1078 262 5.41186 893
340 300 1090 290 5.31781 893
340 76 514 46 4.50222 686
340 308 1086 298 5.32321 893
340 324 1112 312 4.98261 10629
340 84 514 54 4.6794 1325
340 340 1080 338 4.60077 14381
340 92 504 62 4.61772 1770
340 108 496 78 4.80932 2939
340 116 496 86 4.8022 1637
340 124 510 104 4.9217 60
348 132 518 112 4.93472 60
348 148 518 130 5.00568 633
348 156 518 140 5.00219 633
348 164 518 152 4.92721 633
348 172 516 160 4.95842 3296
348 180 518 170 5.03215 633
348 188 518 178 5.04316 633
348 196 516 186 5.04297 633
348 204 518 198 5.05318 633
348 212 518 204 4.90256 2227
348 220 500 218 4.91175 60
348 228 500 226 4.95506 60
348 252 1086 246 5.4069 893
348 68 518 30 4.29792 490
348 276 1086 262 5.41185 893
348 316 1150 296 5.07027 17297
348 324 1122 312 4.9833 10629
348 332 1122 322 4.83293 14798
348 84 520 54 4.69038 633
348 92 522 60 4.49607 633
348 100 516 76 4.81222 2192
348 108 516 84 4.80738 2192
348 116 506 90 4.80567 1807
348 124 516 104 4.90466 60
356 140 518 122 4.88094 563
356 148 522 130 4.81282 695
356 156 522 138 4.80897 695
356 164 522 152 4.85805 695
356 172 524 160 4.80121 2991
356 180 524 170 4.94617 695
356 188 526 182 4.93116 695
356 196 524 188 5.02241 695
356 204 524 196 5.02101 695
356 212 524 208 4.97114 2174
356 220 518 218 4.94907 2353
356 252 1104 246 5.41187 893
356 260 1104 250 5.41187 893
356 68 522 30 4.50131 573
356 276 1104 262 5.41187 893
356 76 522 38 4.39265 573
356 308 1106 296 5.28025 893
356 316 1152 296 5.05369 16289
356 324 1130 314 5.02197 10629
356 332 1130 322 4.89802 15841
356 340 1130 330 4.8381 16723
356 364 1144 332 4.79468 1689
356 100 526 76 4.79447 2192
356 108 526 82 4.75807 2192
356 116 514 90 4.78107 1807
356 124 516 100 4.83773 1807
364 132 524 108 4.80136 490
364 140 526 118 4.67059 1807
364 164 530 152 4.75972 573
364 172 530 164 4.86019 2991
364 44 540 10 4.31992 774
364 180 530 170 4.88232 2991
364 188 536 180 4.83472 2991
364 196 534 188 4.9149 2991
364 204 534 198 4.85441 751
364 212 534 206 4.84927 2353
364 220 522 218 4.9454 2991
364 236 1102 234 5.32531 10216
364 292 1106 270 5.35786 10216
364 300 1110 290 5.28354 893
364 76 536 46 4.81811 563
364 308 1112 296 5.27139 893
364 324 1134 310 5.04267 10629
364 84 536 60 4.89814 695
364 364 1152 332 4.78943 1689
364 92 536 68 4.95699 2174
364 100 536 76 4.99115 2174
364 108 534 88 4.83612 2174
364 116 536 94 4.94373 2174
92 36 334 38 4.44777 3984
92 316 322 272 4.10957 1862
92 20 310 16 4.33223 3325
92 332 384 304 4.03198 7366
92 340 332 306 4.05822 5458
92 348 360 320 4.05519 3509
92 356 338 338 4.02542 5673
92 364 354 332 4.01241 5834
92 116 326 70 4.31696 133
372 132 548 112 4.8267 2353
372 140 550 120 4.8161 457
372 36 542 2 4.34919 1107
372 148 542 130 4.91184 457
372 164 546 150 4.96346 457
372 172 544 162 4.90578 23
372 180 544 170 5.07012 457
372 188 544 180 5.06639 457
372 196 542 188 5.01252 2353
372 204 542 198 4.96169 751
372 212 542 206 4.91817 1480
372 220 530 218 4.93055 2991
372 236 1114 234 5.33983 10216
372 60 546 30 4.52204 607
372 68 546 40 4.92841 457
372 292 1112 270 5.35172 10216
372 76 546 48 4.9241 457
372 324 1154 306 5.01401 16441
372 84 546 60 4.86316 695
372 92 544 68 4.99707 2174
372 100 544 76 4.99367 1773
372 108 544 86 5.0564 2353
372 116 544 94 4.97639 2353
372 124 546 106 4.91464 2353
380 132 554 114 5.08442 388
380 140 554 122 5.08791 388
380 36 554 2 4.31741 774
380 148 554 132 5.03333 388
380 156 552 142 5.06052 388
380 164 552 152 5.0689 388
380 172 552 160 5.07297 388
380 44 546 10 4.32113 1107
380 180 552 170 5.11961 388
380 188 552 178 5.12162 388
380 196 552 188 5.02525 2353
380 204 552 196 5.00748 751
380 212 550 208 4.889 1480
380 220 540 218 4.91525 2991
380 252 1118 244 5.38385 1532
380 260 1118 250 5.38385 1532
380 68 554 40 5.01103 563
380 276 1118 262 5.37514 1532
380 300 1128 288 5.18101 1532
380 76 556 48 4.99535 687
380 332 1190 306 4.93644 18348
380 84 554 60 4.95782 695
380 92 554 68 4.99059 695
380 100 554 76 4.98828 1773
380 108 554 86 5.08425 2978
380 116 552 94 4.99932 2978
380 124 554 104 5.06811 28
388 132 562 114 5.12224 388
388 140 562 124 5.07621 388
388 36 564 2 4.29819 774
388 148 562 132 5.09172 388
388 156 562 142 5.08986 388
388 164 562 150 5.09065 388
388 172 562 162 5.04688 388
388 44 564 12 4.289 774
388 180 562 170 5.11843 388
388 188 562 176 5.12016 388
388 204 562 198 4.88975 751
388 212 552 208 4.97285 1773
388 220 550 218 4.94299 1773
388 236 1124 234 5.32263 10216
388 60 558 30 4.49424 607
388 244 1122 246 5.35295 10216
388 68 562 40 4.97986 563
388 300 1126 290 5.17867 1669
388 324 1166 312 4.99954 16441
388 332 1182 302 4.96236 16599
388 84 564 62 5.02781 695
388 92 564 68 5.01483 695
388 100 562 76 5.00823 1773
388 108 562 86 5.06851 2978
388 116 562 96 5.05016 2978
388 124 562 104 5.07192 28
396 132 572 114 5.10439 388
396 140 570 122 5.08535 388
396 148 570 132 5.02109 388
396 156 572 142 5.10554 28
396 164 570 152 5.09729 28
396 172 568 160 5.04801 457
396 180 570 170 5.13035 388
396 188 570 178 5.10536 388
396 196 570 188 5.01011 2978
396 204 570 198 4.96336 1432
396 220 558 218 4.97438 2087
396 252 1122 258 5.17039 10037
396 68 572 38 4.33602 457
396 308 1182 290 5.0278 5334
396 324 1152 314 4.92852 15942
396 332 1208 304 4.88765 12399
396 84 570 54 4.72405 751
396 348 1214 326 4.87412 7070
396 92 570 66 4.7971 1480
396 100 572 74 4.97532 1773
396 108 572 86 5.06375 2978
396 116 572 96 5.05994 2978
396 124 572 104 5.07166 28
100 4 322 6 4.33989 24
100 324 468 302 4.00826 8129
100 348 282 330 4.02574 8784
404 132 580 114 5.11635 388
404 140 580 122 5.08521 388
404 148 580 132 5.05315 388
404 156 578 142 5.10554 28
404 164 580 152 5.09234 28
404 172 580 160 5.06593 388
404 180 580 170 5.10026 388
404 188 580 176 5.10089 388
404 196 580 186 4.93959 2978
404 212 580 206 4.96683 1432
404 220 570 218 4.97192 2087
404 228 574 230 4.90517 2353
404 260 1146 244 5.16614 16289
404 284 1184 264 5.25912 17544
404 292 1182 272 5.24857 17544
404 340 1194 314 4.89552 15096
404 348 1230 328 4.83895 11846
404 356 1202 326 4.82176 15255
404 92 576 70 4.68233 1432
404 100 578 74 4.91244 2087
404 108 580 86 5.02751 2978
404 116 580 96 5.02599 2978
404 124 580 106 5.05891 28
412 132 590 114 5.04917 457
412 140 590 124 5.03177 457
412 148 590 132 4.98336 457
412 156 588 142 4.99569 60
412 164 588 152 4.97585 60
412 172 588 160 4.99827 60
412 180 588 170 5.03649 487
412 188 588 178 5.03722 487
412 196 586 190 4.81317 1807
412 204 586 200 4.9484 2353
412 212 586 208 4.93097 2353
412 220 584 218 5.01532 2978
412 228 582 230 4.94831 2978
412 252 1150 238 4.99983 1725
412 68 582 38 4.26715 388
412 292 1190 272 5.22892 17544
412 76 586 42 4.59268 411
412 84 582 50 4.88342 900
412 340 1234 318 4.87081 13837
412 348 1234 326 4.82743 5720
412 92 584 60 4.87718 900
412 100 590 76 4.87382 1536
412 108 590 86 4.86193 3487
412 116 586 90 4.87352 1807
412 124 588 102 5.03804 60
420 132 598 118 4.96173 388
420 140 598 124 5.01383 388
420 148 598 132 4.95398 457
420 156 598 142 5.01167 23
420 164 598 152 5.02115 23
420 172 596 160 4.9219 1593
420 180 596 170 5.04237 563
420 188 596 178 4.98877 563
420 196 594 190 4.90924 751
420 204 594 200 5.00667 2353
420 52 582 40 4.0777 3775
420 212 594 210 4.94088 2353
420 220 592 220 4.98113 2978
420 228 592 230 4.98185 2978
420 260 1194 246 5.2106 13196
420 268 1190 254 5.27031 17544
420 68 596 32 4.58045 210
420 276 1190 258 5.27031 17544
420 284 1194 264 5.24304 17544
420 292 1196 272 5.23668 17544
420 300 1234 272 5.00139 16546
420 76 594 42 4.76641 933
420 84 590 50 4.88702 900
420 340 1240 314 4.85816 5720
420 348 1240 322 4.84404 5720
420 92 594 60 4.87802 900
420 100 594 70 4.86656 1773
420 108 594 74 4.81547 751
420 116 594 90 4.93609 1807
420 124 594 102 4.96306 71
428 132 604 110 4.91587 457
428 140 604 120 4.94414 457
428 148 606 132 4.95076 457
428 156 604 142 5.03173 23
428 164 604 152 5.02187 23
428 172 606 160 4.83095 457
428 180 608 172 4.95474 388
428 188 608 182 4.94599 388
428 196 604 190 4.93142 751
428 204 602 200 4.99364 2353
428 212 604 210 5.02417 2353
428 220 600 220 4.93635 2353
428 228 602 230 4.97644 2353
428 236 586 246 4.89286 106
428 60 606 22 4.56673 607
428 268 1198 254 5.26563 10629
428 68 606 32 4.56801 574
428 276 1198 258 5.26563 10629
428 76 604 42 4.79411 933
428 84 604 50 4.86595 751
428 92 604 60 4.83696 751
428 100 604 70 4.7983 1773
428 108 604 78 4.83782 2353
428 116 600 90 4.8573 1592
108 132 486 160 4.30406 11044
108 164 496 174 4.23658 6253
108 204 272 210 4.39118 97
108 52 332 20 4.41964 4020
108 220 270 214 4.50559 19
108 308 406 272 4.08189 3391
108 316 406 290 4.00257 3391
108 324 402 298 4.06956 3391
108 332 304 310 4.01688 5692
108 340 354 306 4.00733 3743
108 356 504 356 4.04107 5631
108 364 286 354 4.00608 8784
436 132 614 110 4.94546 388
436 140 610 126 4.87924 2978
436 36 620 6 4.32194 4509
436 148 612 132 4.93235 388
436 156 612 142 4.98994 28
436 164 610 152 5.00441 28
436 172 616 162 4.8296 28
436 180 616 170 4.98834 388
436 188 618 182 4.90772 388
436 196 618 190 4.89385 1593
436 204 610 198 4.92318 2978
436 212 610 210 4.98153 2978
436 220 612 220 4.89722 2926
436 60 616 22 4.59651 824
436 252 1178 238 5.15979 1532
436 68 616 30 4.79736 457
436 292 1206 272 5.21025 11233
436 76 614 42 4.80269 457
436 324 1168 324 4.69844 19219
436 84 618 38 4.73264 574
436 92 622 46 4.74137 574
436 100 612 68 4.82002 900
436 108 614 78 4.7926 2978
436 28 604 2 4.26817 382
436 116 612 90 4.64858 2978
436 124 612 102 4.84335 28
444 132 628 110 4.78989 388
444 140 626 122 4.83435 3579
444 148 624 134 4.83268 487
444 156 622 140 4.89611 3579
444 164 626 152 4.92802 1593
444 172 630 164 4.8275 1593
444 180 626 170 4.9386 487
444 188 626 180 4.95445 1593
444 196 626 188 4.93318 1593
444 204 626 198 4.93902 1593
444 52 624 26 4.52359 3016
444 212 618 210 4.95161 2926
444 220 618 222 4.97918 2926
444 236 614 250 4.839 2798
444 60 626 22 4.59335 851
444 252 1190 238 5.14695 1532
444 68 626 32 4.7825 388
444 284 1200 266 5.23527 13196
444 76 626 40 4.82758 411
444 84 628 48 4.83243 411
444 92 626 58 4.82089 411
444 100 624 70 4.71342 411
444 108 622 78 4.77851 3579
444 28 614 0 4.29988 4420
444 116 622 86 4.68103 3579
444 124 624 102 4.77012 3579
28 36 610 22 4.3357 10072
28 260 166 250 4.30547 1850
28 276 182 288 4.17931 2521
28 284 142 320 4.14529 8519
28 348 504 262 4.03703 22870
28 364 254 344 3.97738 5834
28 28 612 14 4.33111 10072
452 132 634 110 4.80214 662
452 140 634 122 4.8492 3579
452 148 634 130 4.77858 3579
452 156 634 140 4.86725 3579
452 164 632 150 4.8836 1593
452 172 638 162 4.94932 1593
452 180 638 170 4.86721 1593
452 188 632 180 4.88803 1593
452 196 636 188 4.95973 3579
452 204 634 198 4.94362 1593
452 212 628 210 4.98281 2926
452 220 630 222 5.00931 2926
452 228 614 240 4.76726 3299
452 60 634 22 4.57151 851
452 252 1210 238 5.01921 1331
452 260 1210 248 5.21216 13196
452 68 634 30 4.80034 388
452 276 1206 254 5.23677 13196
452 292 1208 274 5.15607 14707
452 76 636 38 4.84201 411
452 84 638 48 4.80104 411
452 92 632 60 4.80419 411
452 100 632 70 4.79943 411
452 108 630 78 4.75562 2959
452 116 632 90 4.79038 2959
452 124 632 98 4.84625 2959
460 132 642 110 4.92075 574
460 140 644 120 4.88533 574
460 36 658 14 4.4965 5727
460 148 642 130 4.81153 574
460 156 642 140 4.83354 574
460 164 644 152 4.89962 388
460 172 644 160 4.83508 388
460 44 656 22 4.51014 5727
460 188 644 180 4.90933 2302
460 196 644 188 4.92646 2302
460 204 642 200 4.86942 2302
460 212 642 210 4.95573 3602
460 220 640 222 4.97665 3602
460 60 652 26 4.57109 607
460 252 1216 238 5.01208 1331
460 260 1222 248 5.23364 13196
460 268 1226 254 5.23522 13196
460 68 646 30 4.74557 457
460 284 1222 264 5.22749 13196
460 76 642 38 4.8245 457
460 308 1210 288 4.85039 1331
460 100 644 70 4.67853 388
460 108 640 80 4.77465 2959
460 116 642 88 4.80132 2959
460 124 642 100 4.80871 1153
116 148 284 130 4.71044 234
116 156 284 140 4.71829 5
116 164 284 148 4.75173 5
116 172 286 156 4.66172 5
116 180 286 164 4.63972 234
116 188 286 174 4.67439 234
116 196 286 182 4.67929 234
116 204 282 192 4.58155 234
116 220 268 206 4.67503 5
116 228 268 218 4.66212 234
116 236 268 228 4.69531 234
116 260 286 260 4.20388 53
116 316 408 282 4.01277 3985
116 356 512 358 4.03782 5631
116 100 268 74 4.24469 357
116 108 270 82 4.35728 769
116 124 270 102 4.48482 5
468 132 652 110 4.9099 574
468 140 652 120 4.92738 574
468 36 664 16 4.47587 5727
468 148 652 130 4.81708 457
468 156 652 142 4.8684 2415
468 164 652 152 4.91361 388
468 180 652 168 4.80168 2415
468 188 652 180 4.83467 2415
468 196 652 188 4.81279 2415
468 204 654 200 4.62286 3789
468 212 652 212 4.83023 3789
468 220 654 222 4.85922 3789
468 228 1176 212 4.63819 10540
468 68 658 34 4.7608 388
468 276 1234 254 5.23025 13196
468 284 1230 264 5.22502 13196
468 300 1240 288 4.85329 3613
468 76 654 40 4.82499 474
468 84 654 48 4.83506 474
468 92 656 56 4.64575 457
468 100 652 70 4.71565 388
468 108 652 78 4.77779 2992
468 116 654 86 4.71883 2992
468 124 654 102 4.7886 1153
476 132 664 110 4.95948 388
476 140 662 122 4.92635 388
476 36 682 10 4.4484 5727
476 148 662 132 4.94284 388
476 156 662 140 4.89489 388
476 164 662 154 4.76973 3256
476 44 678 18 4.44471 5727
476 180 660 174 4.66307 210
476 188 662 186 4.60822 210
476 196 786 186 4.69748 9510
476 204 786 196 4.68373 9510
476 212 786 202 4.69603 9510
476 220 786 212 4.64784 9510
476 228 786 218 4.68995 9510
476 236 788 230 4.69601 9510
476 252 1224 238 5.06853 6429
476 260 1240 248 5.16093 18937
476 68 664 38 4.61185 457
476 284 1238 264 5.1666 18937
476 76 664 40 4.8435 411
476 84 664 48 4.82378 411
476 92 666 58 4.84591 862
476 100 664 68 4.83719 862
476 108 664 78 4.80494 388
476 116 668 84 4.83358 388
476 124 668 92 4.79682 388
484 132 672 110 4.96529 388
484 140 672 120 4.90493 388
484 148 672 132 4.96092 388
484 156 670 140 4.85683 388
484 164 674 156 4.68369 574
484 172 674 166 4.7596 574
484 180 668 176 4.57845 574
484 188 668 184 4.73687 574
484 196 792 186 4.69355 9510
484 204 794 196 4.67584 9510
484 212 794 202 4.68183 9510
484 220 794 212 4.71206 9510
484 228 794 218 4.70797 9510
484 236 796 226 4.58045 9510
484 252 1226 242 5.13461 6552
484 68 678 34 4.64748 457
484 300 1218 290 4.80936 6429
484 308 1218 302 4.86647 6429
484 84 672 46 4.8369 411
484 92 674 58 4.84482 862
484 100 672 66 4.81658 862
484 108 674 78 4.814 388
484 28 682 0 4.44748 4404
484 124 674 100 4.839 411
492 132 682 112 4.91952 388
492 140 682 120 4.91835 388
492 148 684 134 4.88865 388
492 156 682 140 4.93445 388
492 180 676 174 4.56934 388
492 188 676 186 4.58679 388
492 196 802 186 4.71177 9510
492 212 802 202 4.69464 9510
492 220 802 210 4.70668 9510
492 236 1206 224 4.70143 10216
492 252 1234 242 5.13212 6552
492 76 682 40 4.72444 474
492 92 682 56 4.80255 457
492 100 686 70 4.78965 388
492 108 684 80 4.81676 411
492 28 692 0 4.45731 4404
492 116 684 88 4.8674 388
492 124 684 98 4.82535 388
124 132 282 110 4.72867 0
124 140 286 124 4.62013 5
124 148 290 130 4.66781 234
124 156 292 140 4.76068 5
124 164 292 148 4.76405 5
124 172 292 156 4.67655 5
124 180 294 164 4.72852 211
124 188 294 170 4.70162 211
124 196 292 178 4.71776 211
124 204 292 190 4.71406 211
124 220 276 206 4.6465 5
124 228 276 218 4.68667 234
124 236 276 228 4.76212 0
124 244 278 236 4.72042 0
124 260 294 262 4.28322 53
124 332 314 310 4.03065 5692
124 348 500 340 4.03098 6474
124 356 298 348 3.97001 9915
124 100 294 78 4.47267 188
124 116 278 96 4.49111 211
124 124 280 102 4.70061 0
500 132 694 112 4.91732 388
500 140 690 120 4.92557 388
500 36 718 6 4.45426 2653
500 148 692 134 4.92472 388
500 156 692 140 4.90674 388
500 172 680 166 4.59226 388
500 44 718 16 4.39598 2653
500 180 684 174 4.64491 388
500 188 686 182 4.58729 388
500 196 810 186 4.71511 9510
500 204 810 194 4.68789 9510
500 212 810 202 4.6848 9510
500 220 810 210 4.69844 9510
500 228 814 218 4.73288 9510
500 236 1214 226 4.67194 10216
500 60 686 28 4.46214 851
500 68 690 36 4.64982 388
500 76 690 42 4.6425 411
500 84 686 52 4.77143 411
500 92 694 60 4.74144 862
500 100 694 68 4.80122 862
500 108 694 80 4.8005 411
500 116 694 90 4.84156 388
500 124 694 96 4.84218 388
508 132 704 108 4.7988 522
508 140 698 122 4.71738 1342
508 148 702 132 4.81691 1342
508 156 700 140 4.77219 1342
508 164 702 150 4.52885 2068
508 188 816 178 4.4062 1088
508 196 818 186 4.68512 10595
508 204 818 194 4.65622 10595
508 212 818 202 4.61653 9510
508 220 818 210 4.62978 14933
508 228 818 218 4.65967 14933
508 236 1234 226 4.65221 10216
508 60 700 32 4.56094 1252
508 68 704 32 4.62869 389
508 76 706 46 4.6757 522
508 84 704 52 4.70022 522
508 92 698 60 4.52724 389
508 100 704 70 4.76921 487
508 108 704 78 4.75338 522
508 116 704 88 4.75628 522
508 124 704 100 4.79936 522
1028 156 206 98 4.28178 13039
1028 196 216 190 4.53268 25808
1028 68 56 142 4.06501 33547
1028 76 56 144 4.0856 30806
1028 340 242 264 4.2736 11251
1036 228 150 182 4.36311 26791
1036 300 166 232 4.43603 17925
1036 316 230 246 4.27864 21683
1036 20 110 142 4.15409 30094
1036 332 246 258 4.32014 11251
1036 364 242 322 4.05931 28459
1044 164 194 152 4.376 13753
1044 212 216 212 4.48597 17499
1044 68 254 112 4.23355 21235
1044 292 174 222 4.47981 17925
1044 300 174 232 4.44699 17925
1044 20 116 142 4.15888 30094
1044 324 1152 368 4.1954 66080
1052 164 214 166 4.36376 12200
1052 172 214 170 4.43506 14160
1052 212 224 216 4.4639 8832
1052 4 122 130 4.02022 30094
1052 276 206 206 4.51525 19182
1052 308 210 228 4.37703 20678
1052 316 1154 366 4.20238 79506
1052 332 258 256 4.2841 25150
1052 340 258 264 4.24917 25150
1060 228 242 186 4.5288 17540
1060 244 238 196 4.4731 17540
1060 20 128 138 4.06971 30094
1060 100 244 150 4.28116 11360
1060 108 244 152 4.40274 27852
1068 204 96 214 4.24725 31146
1068 348 278 280 4.01308 21157
1076 172 182 138 4.28749 13039
1076 188 274 198 4.36448 6826
1084 52 1130 14 4.02477 63604
1092 148 256 164 4.36455 14160
1092 44 1136 2 4.08062 63604
1092 188 192 148 4.29357 11365
1100 140 266 158 4.37009 14160
1100 148 264 164 4.33014 14160
1100 156 286 186 4.306 11047
1108 140 218 114 4.21388 23621
1108 36 1078 6 3.99142 71819
1108 156 278 172 4.29684 14160
1108 44 1078 14 4.00996 101573
1108 52 1078 18 4.0089 101573
1108 28 1080 0 3.90844 91385
1116 52 1098 54 4.05412 96569
1116 60 1098 90 4.01258 80641
1124 44 1106 48 4.05887 96569
1124 52 1106 58 4.04586 96569
1132 44 1114 46 4.26866 96569
1140 52 224 154 4.35663 38895
1148 268 288 194 4.30168 12523
1148 76 230 168 4.36066 35241
1156 204 326 104 4.17108 8229
1172 36 216 126 4.28425 19592
1172 148 162 228 4.37293 25723
1204 44 190 156 4.33273 171553
1204 252 198 84 4.05704 64450
1212 36 232 146 4.34708 30094
1212 252 210 86 4.13552 64450
1212 4 230 140 4.31426 168541
1220 4 232 140 4.33899 168541
1220 28 226 100 4.25681 25772
1228 132 1158 340 4.24653 202033
1236 132 1166 338 4.2401 202033
1236 156 1176 362 4.21683 202033
1236 164 1174 368 4.23104 202033
