516 132 728 124 4.93608 1849
516 140 728 132 4.98022 1849
516 36 726 18 4.68585 5690
516 148 728 142 5.00989 2532
516 156 730 150 5.02496 2532
516 164 732 158 4.88372 4330
516 172 734 164 4.71039 6232
516 180 734 174 4.58381 2367
516 196 834 198 4.41123 16081
516 204 842 202 4.48677 13500
516 52 730 30 4.57671 5944
516 60 730 38 4.84226 2292
516 68 728 48 4.87303 2292
516 76 730 56 4.80744 2292
516 20 728 0 4.72952 2818
516 84 730 66 4.76133 2292
516 92 728 76 4.79013 2771
516 100 728 86 4.91187 2591
516 108 728 96 4.92615 2591
516 28 726 10 4.74054 5690
516 116 730 104 4.82849 2771
524 132 738 124 4.9775 2532
524 140 738 132 4.98515 2532
524 36 736 18 4.67846 5690
524 148 738 140 4.9935 1849
524 156 738 150 4.98816 1849
524 164 740 160 4.86174 4330
524 196 854 196 4.46982 13500
524 204 854 202 4.36701 13500
524 52 738 26 4.68899 6050
524 60 738 38 4.90995 2432
524 68 738 48 4.87296 2432
524 84 738 66 4.8355 2432
524 92 740 76 4.76977 2771
524 100 738 86 4.89385 2591
524 108 738 94 4.91028 2591
524 28 736 8 4.74594 5690
524 116 738 104 4.84135 2133
524 124 740 112 4.78206 2591
132 132 316 124 4.55138 4209
132 140 314 132 4.51746 4209
132 148 314 142 4.38437 928
132 172 310 170 4.29127 2027
132 180 318 176 4.72106 597
132 188 318 184 4.70049 597
132 196 316 194 4.71771 928
132 204 302 202 4.64786 1129
132 212 300 210 4.78603 1051
132 220 296 224 4.803 1129
132 252 350 264 4.38578 597
132 260 904 250 4.27212 11113
132 268 366 290 4.19955 101
132 292 306 306 4.21294 15
132 308 316 330 4.23925 40
132 316 316 340 4.26073 40
132 332 326 358 4.22642 417
132 340 338 350 4.2414 1711
132 124 314 116 4.48388 928
532 132 746 124 4.96326 2532
532 140 746 132 4.96612 2532
532 36 746 14 4.75215 2591
532 148 746 142 4.97367 1849
532 156 750 150 4.97722 1849
532 164 750 160 4.71808 4330
532 172 746 170 4.63176 5902
532 44 746 22 4.67818 5145
532 12 738 0 4.52859 5729
532 52 750 30 4.79362 5514
532 220 784 254 4.20869 2155
532 60 750 38 4.93063 2133
532 244 818 314 4.03198 4926
532 68 748 46 4.94175 2133
532 76 746 56 4.8554 2133
532 84 748 66 4.84744 2133
532 92 746 76 4.77444 2133
532 100 748 84 4.7685 2532
532 108 748 94 4.79833 2532
532 28 746 6 4.68088 5174
532 116 744 106 4.75089 2771
540 132 758 124 4.92856 1849
540 140 756 132 4.94243 1849
540 148 754 142 5.00916 1849
540 156 758 150 4.97193 1849
540 164 758 162 4.81802 5541
540 172 770 170 4.70317 5902
540 44 756 20 4.66386 5145
540 52 756 28 4.81796 5514
540 220 792 250 4.23627 2155
540 236 792 274 4.25094 4239
540 60 758 38 4.93689 2133
540 268 1198 290 4.2261 32050
540 68 756 46 4.93758 2133
540 76 758 56 4.88737 2133
540 20 754 0 4.53233 6530
540 84 758 64 4.8879 2133
540 92 758 74 4.88856 2771
540 100 758 84 4.87547 2771
540 116 762 106 4.71495 2771
540 124 758 114 4.81192 2432
548 132 764 124 4.88884 3587
548 140 764 134 4.9049 3587
548 36 762 14 4.68205 2591
548 156 770 150 4.99028 3587
548 164 770 162 4.86344 5145
548 172 776 170 4.6537 5902
548 52 768 28 4.80869 5514
548 60 768 36 4.93008 2771
548 244 1210 240 3.98895 29579
548 268 1206 290 4.30043 29682
548 68 768 44 4.93174 2771
548 76 768 56 4.86945 2771
548 92 768 74 4.8912 2771
548 100 766 86 4.81339 2771
548 108 766 96 4.79354 2771
548 28 764 6 4.71299 4738
548 116 768 106 4.7122 2771
548 124 764 114 4.79353 2432
556 132 778 118 4.53384 2133
556 36 774 14 4.69292 2591
556 148 778 140 4.90876 2547
556 156 778 150 4.87734 2547
556 164 778 160 4.87923 5145
556 172 786 166 4.59814 5514
556 44 774 18 4.75129 5145
556 52 776 28 4.77547 5514
556 60 778 36 4.87556 2133
556 4 562 8 4.14436 34380
556 260 1214 278 4.30561 29682
556 68 776 44 4.85319 2133
556 276 1216 296 4.23785 28221
556 76 778 56 4.85746 2771
556 84 778 64 4.87863 2771
556 92 776 74 4.80712 2591
556 100 778 86 4.77956 2133
556 108 774 96 4.75046 2771
556 28 774 6 4.70701 4738
556 116 776 102 4.77938 2771
556 124 778 110 4.63111 2547
140 132 322 124 4.56773 928
140 140 324 132 4.50487 4209
140 36 276 52 4.46453 2788
140 148 322 140 4.39278 928
140 164 318 164 4.36349 965
140 172 318 170 4.49126 2027
140 180 322 176 4.68025 597
140 188 326 184 4.71199 597
140 196 324 194 4.67666 928
140 204 308 202 4.67887 1129
140 212 306 210 4.71486 1051
140 220 308 222 4.7823 1051
140 236 318 244 4.76489 1266
140 68 294 16 4.52756 606
140 300 312 296 4.19883 141
140 308 324 330 4.26783 40
140 316 326 342 4.24249 40
140 324 344 340 4.17751 1902
140 332 330 358 4.27947 417
140 348 350 354 4.23541 1711
140 108 324 98 4.37102 2788
140 116 324 106 4.38138 4209
140 124 322 116 4.51001 928
564 132 794 120 4.47667 3009
564 36 782 14 4.80424 2561
564 156 794 150 4.80419 5654
564 164 790 158 4.79782 5654
564 172 788 168 4.61615 5902
564 44 784 22 4.72127 2561
564 180 792 170 4.5829 2771
564 52 784 30 4.57354 5902
564 60 784 38 4.79864 2771
564 260 1216 278 4.17035 31326
564 76 784 58 4.82907 2771
564 20 782 0 4.58333 6076
564 84 786 64 4.88798 2771
564 92 788 74 4.82853 2771
564 100 786 84 4.77593 2771
564 28 784 2 4.6318 5174
572 132 794 118 4.53548 4834
572 36 794 12 4.77426 2561
572 148 802 154 4.60102 4834
572 156 802 150 4.58108 4834
572 44 792 20 4.75509 2561
572 228 790 270 4.3722 2919
572 244 830 318 4.24129 4239
572 68 790 50 4.60011 2292
572 276 1214 294 4.24903 33077
572 76 792 58 4.72186 2292
572 84 794 66 4.76595 2292
572 356 1206 328 4.33511 34464
572 92 794 74 4.69607 2561
572 100 796 86 4.61048 2292
572 108 790 98 4.69018 2292
572 116 790 106 4.58534 2292
572 124 808 106 4.49042 2894
36 180 234 176 4.51724 5900
36 188 234 184 4.55956 2529
36 204 234 200 4.44945 5900
36 212 234 208 4.40909 2529
36 220 232 222 4.37485 1432
36 244 238 242 4.39852 2331
36 268 74 296 4.27504 1807
36 276 78 306 4.27126 1807
36 348 1038 336 3.92264 31547
36 108 238 86 4.25605 2624
580 132 818 122 4.50435 1849
580 140 814 132 4.58372 4330
580 148 814 140 4.70693 1849
580 156 814 150 4.73064 1849
580 172 828 170 4.54223 2176
580 44 808 22 4.64814 2591
580 180 830 178 4.47884 2176
580 52 802 30 4.51289 5174
580 220 798 262 4.336 2919
580 228 798 270 4.37193 2919
580 60 804 38 4.54429 2648
580 252 796 280 4.1225 2466
580 260 1230 278 4.09232 33077
580 268 1220 284 4.2821 30111
580 68 800 50 4.574 2591
580 276 1218 294 4.29026 30111
580 84 800 62 4.67346 3272
580 92 812 74 4.65175 2176
580 100 810 82 4.64794 2176
580 108 798 98 4.48764 3272
580 116 818 100 4.5033 2176
580 124 818 106 4.56907 1849
588 132 832 126 4.47194 2167
588 140 826 130 4.68926 4916
588 36 814 12 4.69191 2591
588 156 824 148 4.73216 1849
588 164 826 154 4.53584 4916
588 172 822 172 4.6948 2249
588 180 822 180 4.65817 2249
588 60 812 40 4.60624 2648
588 268 1230 286 4.32965 30111
588 276 1226 292 4.25694 30111
588 76 810 54 4.66454 2648
588 92 822 72 4.66295 2249
588 100 820 80 4.7034 2176
588 108 820 90 4.60909 2249
588 28 814 6 4.60923 4606
588 116 808 102 4.50948 2648
588 124 830 112 4.48015 2176
148 36 286 52 4.52981 2954
148 148 310 162 4.3631 148
148 180 332 176 4.50719 671
148 188 332 184 4.5851 671
148 212 314 212 4.79747 1051
148 220 314 222 4.88533 866
148 284 964 274 4.2571 30908
148 308 466 336 4.13378 10524
148 332 336 358 4.33567 417
148 340 338 366 4.30203 417
148 348 368 354 4.2357 35
148 108 286 72 4.42616 1774
148 116 316 82 4.35743 887
596 36 822 10 4.67713 2532
596 148 830 140 4.75914 4330
596 156 834 148 4.7135 5345
596 164 836 158 4.63655 4330
596 172 832 172 4.68191 2249
596 44 822 20 4.62499 2532
596 180 834 180 4.72186 2249
596 52 826 30 4.49207 3416
596 268 1234 286 4.25096 31674
596 68 826 40 4.46421 2176
596 276 1234 294 4.07351 31674
596 76 830 50 4.62406 4330
596 356 1218 326 4.37407 30510
596 364 1214 336 4.38894 30510
596 92 830 72 4.69464 2249
596 100 834 80 4.6892 2249
596 108 830 90 4.60685 2176
596 28 822 4 4.61286 4606
596 116 828 100 4.65568 2176
604 140 838 130 4.73363 4330
604 36 826 14 4.46633 1849
604 148 838 140 4.77725 4330
604 156 846 150 4.77729 2249
604 164 844 160 4.76913 2249
604 172 846 170 4.62168 5345
604 180 850 178 4.58586 2249
604 212 668 156 4.39421 7531
604 220 668 162 4.33692 5378
604 60 844 30 4.55578 2249
604 68 842 40 4.59556 2249
604 76 840 50 4.61995 4330
604 84 838 60 4.64706 4330
604 364 1222 338 4.37276 30510
604 92 840 70 4.61734 2176
604 108 838 92 4.61605 2176
604 28 842 6 4.5397 3416
604 116 836 98 4.63634 2176
604 124 830 106 4.58886 1849
612 132 832 112 4.49238 4752
612 140 850 132 4.61593 4916
612 148 854 140 4.74779 5345
612 156 854 150 4.7616 2249
612 164 854 160 4.76286 2249
612 172 856 170 4.7175 5345
612 180 856 178 4.60448 2249
612 12 838 0 4.33343 4964
612 52 832 28 4.55533 1795
612 60 854 30 4.57443 2249
612 68 850 40 4.59588 2249
612 20 838 8 4.35845 4964
612 84 846 58 4.47093 5345
612 356 1232 326 4.37009 30510
612 364 1234 338 4.39968 30510
612 100 844 78 4.62688 2249
612 108 840 92 4.58398 2249
612 116 842 102 4.55122 2249
612 124 842 110 4.50427 2167
620 140 850 126 4.38446 3963
620 36 858 6 4.51311 1821
620 156 864 150 4.57156 2236
620 44 858 16 4.4853 1821
620 60 838 38 4.54834 1795
620 260 838 280 4.03377 2393
620 68 864 38 4.47263 4693
620 20 846 8 4.3416 4964
620 332 1238 302 4.24069 31527
620 356 1240 330 4.36119 30510
620 364 1240 338 4.28438 30510
156 132 332 124 4.78414 844
156 140 332 130 4.79802 1000
156 156 332 154 4.88973 1000
156 164 332 160 4.93014 1000
156 172 334 170 4.76336 829
156 180 342 174 4.69408 844
156 188 342 182 4.68909 844
156 204 320 210 4.71107 1082
156 220 322 222 4.93757 683
156 228 322 232 4.8544 683
156 68 320 22 4.57398 482
156 332 388 312 4.31446 218
156 84 322 36 4.60491 482
156 340 390 320 4.25927 218
156 348 358 354 4.23909 35
156 108 322 74 4.42291 887
156 28 294 38 4.54092 2047
156 116 338 102 4.45151 2917
628 36 870 8 4.50814 1821
628 148 874 140 4.55255 4962
628 156 874 150 4.55254 2647
628 164 874 160 4.56642 2647
628 12 850 0 4.34114 4529
628 60 872 28 4.45289 4693
628 92 774 64 4.35217 2586
628 108 832 74 4.34032 2024
628 28 874 0 4.42165 3200
636 148 858 138 4.44576 4963
636 156 880 150 4.46294 2102
636 164 878 158 4.43069 2102
636 172 870 178 4.40645 2102
636 180 870 186 4.40731 2102
636 196 898 194 4.06709 5286
644 148 868 138 4.36428 5414
644 180 870 174 4.37928 2564
644 212 722 214 4.10006 19302
644 220 720 222 4.06924 19302
644 236 714 238 4.06699 19302
644 60 862 36 4.41559 4314
644 68 864 44 4.42612 4314
644 28 822 26 4.35937 3208
652 156 894 152 4.37745 2106
652 172 894 170 4.39649 2106
652 180 894 182 4.43882 2106
652 228 726 232 4.04951 19302
652 76 798 52 4.41198 2586
164 132 340 124 4.81162 844
164 140 338 132 4.85609 1000
164 148 338 140 4.84366 1000
164 156 338 150 4.91874 1000
164 164 338 158 4.93132 1000
164 172 338 166 4.8559 829
164 44 306 22 4.56854 579
164 180 348 176 4.62732 844
164 188 348 184 4.62835 844
164 196 340 206 4.70386 700
164 212 334 214 4.71162 865
164 220 334 222 4.89844 700
164 4 302 4 4.53229 700
164 268 518 284 4.76174 9479
164 308 478 338 4.17745 9356
164 20 342 2 4.59016 1159
164 84 304 62 4.55344 958
164 340 398 320 4.27267 218
164 348 310 322 4.19223 628
164 364 334 326 4.21784 3151
164 92 328 46 4.60817 482
164 100 322 84 4.43407 482
164 108 334 98 4.42933 1954
164 124 334 112 4.69379 700
660 156 906 152 4.44181 2106
660 164 906 162 4.42941 2106
660 172 898 170 4.45628 2106
660 180 898 182 4.4791 2106
660 188 920 192 4.20087 5286
660 204 942 212 4.23195 8331
660 68 874 10 4.40815 2536
668 132 884 154 4.38739 3630
668 140 884 168 4.34884 3630
668 148 882 132 4.38135 1787
668 164 916 162 4.34726 2156
668 172 914 174 4.47375 2156
668 180 914 178 4.45208 2156
668 196 952 206 4.3021 8331
668 204 950 212 4.29057 8331
668 244 696 202 3.99737 10872
668 68 880 8 4.4738 2536
668 20 882 0 4.35781 5212
676 140 890 122 4.31897 1787
676 148 890 134 4.33322 1787
676 156 926 152 4.40367 2156
676 164 926 160 4.39402 2156
676 60 816 46 4.39658 4245
676 68 816 50 4.53569 2586
676 92 816 62 4.57888 2586
676 28 894 4 4.25599 4024
684 140 938 132 4.36399 5651
684 148 938 142 4.3174 5651
684 156 938 152 4.42026 2156
684 164 938 162 4.32902 2156
684 220 908 220 4.08702 7698
172 132 346 122 4.63117 865
172 140 344 130 4.67162 865
172 148 354 142 4.89781 2945
172 156 354 150 4.91813 2945
172 164 354 158 4.83612 1078
172 172 354 170 4.7587 829
172 188 354 186 4.63016 844
172 12 310 26 4.57502 2788
172 212 340 212 4.83925 464
172 220 338 222 4.92913 1846
172 228 362 236 5.01007 464
172 236 358 246 5.08785 464
172 4 312 2 4.51618 700
172 308 966 290 4.23361 28433
172 20 350 4 4.60883 936
172 324 328 294 4.34809 4043
172 332 408 318 4.33144 218
172 340 334 314 4.26041 4043
172 356 326 314 4.30437 4043
172 116 338 104 4.64701 1089
172 124 342 112 4.7328 700
692 156 944 152 4.32887 3577
692 188 976 194 4.27964 6484
692 196 998 206 4.19967 6884
700 140 966 130 4.27839 7228
700 148 966 142 4.26475 7228
700 156 966 150 4.23713 9199
700 220 886 298 4.09763 8772
44 204 242 202 4.38045 1432
44 212 246 208 4.27111 1432
44 244 254 246 4.35272 1262
44 260 88 290 4.22325 1807
44 268 82 296 4.28254 1807
44 276 86 306 4.34366 1807
44 284 46 328 4.15247 22720
44 28 270 24 4.36723 1471
708 132 974 120 4.403 8702
708 140 974 130 4.39656 8989
708 148 974 142 4.39866 8989
708 164 1026 160 4.32061 10870
708 172 1026 174 4.32891 9473
708 180 1026 184 4.34059 9473
708 188 1026 194 4.29935 10870
708 76 974 50 4.30387 8296
708 84 974 58 4.36158 10359
708 92 974 70 4.40781 8989
708 100 974 82 4.44738 8368
708 108 974 90 4.44697 8368
708 116 976 100 4.42538 8368
708 124 974 110 4.49397 8368
716 132 984 120 4.32702 8702
716 140 984 130 4.35735 8989
716 148 984 142 4.31712 8989
716 156 986 158 4.34673 8984
716 180 1036 182 4.29998 10870
716 196 1036 206 4.22569 10312
716 220 902 300 4.03694 8772
716 284 986 328 3.87699 9473
716 76 984 46 4.18149 8296
716 84 986 60 4.22629 10359
716 92 984 70 4.27349 8989
716 100 984 80 4.41198 8368
716 108 984 90 4.37296 8368
716 116 984 102 4.45973 8368
716 124 984 110 4.47125 8368
180 132 364 126 4.77457 2930
180 140 364 132 4.91245 736
180 148 364 140 4.89142 2945
180 156 362 150 4.89378 2945
180 164 360 160 4.83148 1078
180 180 364 178 4.62876 844
180 212 344 226 4.88442 1031
180 220 346 222 4.9835 1846
180 236 368 246 5.08908 464
180 60 432 82 4.58708 183
180 68 334 20 4.61592 482
180 76 336 28 4.66439 718
180 84 338 36 4.65041 718
180 348 444 302 4.36941 1944
180 356 336 316 4.3801 3964
180 364 338 324 4.40033 3964
180 108 346 94 4.51794 1677
180 116 346 102 4.6696 1089
180 124 348 112 4.69654 1089
724 132 998 122 4.41375 9855
724 140 998 130 4.36487 9265
724 148 998 140 4.29323 9271
724 156 998 148 4.32833 9015
724 164 990 162 4.3579 8984
724 188 1048 194 4.35328 10213
724 84 998 58 4.24087 10662
724 92 1002 70 4.2746 9271
724 100 1000 80 4.38602 9015
724 108 1000 90 4.41941 9855
724 116 998 102 4.44095 9015
724 124 998 110 4.45399 9015
732 132 1008 120 4.40202 9855
732 140 1010 130 4.42642 9265
732 148 1008 142 4.40056 9271
732 164 1000 162 4.29023 8984
732 44 986 0 4.14847 8989
732 180 1058 184 4.36375 10213
732 188 1058 192 4.28771 10213
732 84 1008 58 4.25917 10662
732 92 1010 70 4.30559 9271
732 100 1010 80 4.38164 9015
732 108 1008 92 4.42549 9855
732 116 1010 100 4.44974 9015
732 124 1008 108 4.41482 9015
740 132 1022 120 4.48147 9265
740 140 1018 132 4.42205 9271
740 148 1018 142 4.45443 9271
740 156 1018 148 4.33601 9199
740 164 1010 164 4.35034 8984
740 180 1074 186 4.19963 10213
740 188 1072 198 4.27198 10213
740 196 1070 206 4.15143 10213
740 60 994 54 3.91213 9015
740 76 1024 46 4.0121 9868
740 308 872 364 3.90917 10169
740 316 870 372 3.91678 10169
740 84 1022 58 4.27307 10662
740 92 1022 66 4.26455 10662
740 100 1022 78 4.39187 9015
740 108 1022 90 4.372 9855
740 116 1022 100 4.48241 9015
740 124 1022 108 4.43865 9015
748 132 1030 120 4.47414 9265
748 140 1030 130 4.40178 9265
748 148 1030 138 4.45844 9271
748 164 1082 160 4.28352 9473
748 44 928 2 3.97749 10367
748 180 1082 186 4.3077 10213
748 188 1082 196 4.34921 10213
748 60 94 90 3.87635 67076
748 84 1034 56 4.16993 10662
748 92 1032 70 4.30332 9271
748 100 1032 78 4.40874 9015
748 108 1030 92 4.4559 9855
748 116 1034 100 4.46333 9015
748 124 1032 108 4.46855 9015
188 132 370 124 4.85193 2161
188 140 370 132 4.92949 538
188 148 370 140 4.88639 538
188 156 370 150 4.93191 2161
188 188 362 186 4.7184 868
188 196 362 194 4.78206 366
188 52 360 18 4.64379 538
188 236 350 246 5.07916 1031
188 68 404 8 4.70109 499
188 356 344 318 4.36158 3964
188 124 368 116 4.52379 868
756 132 1042 120 4.21103 9199
756 140 1042 132 4.29527 7228
756 148 1042 140 4.14038 7228
756 308 906 366 3.94902 9709
756 340 804 362 3.93544 13402
756 116 1042 100 4.06025 10245
12 180 216 176 4.55552 6333
12 188 214 184 4.64001 2331
12 196 214 192 4.63113 2331
12 204 214 200 4.6061 2331
12 52 202 40 4.35358 2638
12 212 214 208 4.59612 2331
12 220 214 218 4.38017 5900
12 252 222 248 4.30507 2205
12 364 276 120 4.14303 33997
772 4 1062 14 3.94901 9321
772 116 1128 70 4.23904 45403
780 140 1136 106 4.14665 45403
780 316 974 342 3.97773 42737
780 324 972 350 3.95512 42737
780 124 1134 78 4.23459 45403
196 132 376 122 4.73347 2161
196 140 376 132 4.97472 1399
196 148 376 140 5.01812 1399
196 156 378 150 4.97529 1399
196 164 378 158 4.87612 1399
196 180 366 172 4.6421 1048
196 188 368 186 4.77034 397
196 204 354 210 4.89323 1399
196 220 362 224 4.82023 397
196 228 358 234 4.97166 2543
196 60 352 14 4.67684 1450
196 252 386 262 4.99387 464
196 76 362 24 4.65319 366
196 84 350 24 4.70768 366
196 364 350 310 4.30981 2055
196 92 348 38 4.6408 1450
196 100 350 46 4.63895 1450
788 172 132 174 4.08776 44738
788 316 978 342 3.9323 42737
788 324 978 350 3.95224 42737
788 100 992 18 4.13393 13657
804 332 34 264 3.99222 85673
812 268 2 224 4.11882 46103
812 68 1090 128 4.04713 32697
204 140 384 132 4.99019 1399
204 36 366 8 4.6988 1611
204 148 384 140 4.97145 1399
204 156 384 150 4.96518 1399
204 164 384 160 5.02444 1015
204 172 382 166 4.98006 1015
204 196 376 196 4.8753 1048
204 204 358 206 4.99003 1325
204 212 358 216 4.95573 1325
204 228 378 234 5.03927 1015
204 236 366 248 5.17284 1262
204 68 386 26 4.69253 1793
204 284 406 272 5.0263 464
204 292 466 282 4.6894 1677
204 76 368 22 4.71348 366
204 324 1002 304 4.5744 22673
204 92 366 36 4.70736 366
204 100 358 46 4.6512 1450
204 28 362 2 4.73134 1611
204 116 382 106 4.61513 1988
204 124 382 112 4.69819 1262
820 60 1090 124 4.11098 32697
820 68 1030 58 4.01241 27837
828 188 1096 154 4.12175 27868
828 68 1042 58 4.01856 27837
828 292 2 294 4.14907 46894
828 324 10 320 4.02557 46894
52 132 234 90 4.25784 4416
52 164 240 158 4.36831 1016
52 172 240 170 4.41212 4142
52 236 266 238 4.3265 1262
52 284 52 328 4.12189 22720
52 332 246 364 3.99018 6411
52 124 230 114 4.15823 2091
836 180 1110 168 3.97578 38681
836 268 8 222 4.20729 52964
836 292 28 234 4.21374 65969
836 300 26 244 4.18106 65969
844 132 110 162 4.12366 45417
844 60 958 20 3.98182 30654
844 300 38 242 4.19564 65969
844 340 998 348 3.87917 47044
844 92 1114 110 4.02148 30064
844 116 1096 86 4.08123 40871
212 132 390 122 4.79542 385
212 156 392 150 4.95909 1399
212 164 392 160 5.04442 1015
212 172 392 168 5.02207 1015
212 180 390 176 4.99567 1326
212 188 390 184 4.98768 1326
212 196 392 196 4.82969 397
212 204 366 208 4.95565 1325
212 212 366 218 4.96801 1325
212 220 374 224 5.02064 1262
212 236 370 248 5.17794 1262
212 284 416 274 5.0593 1326
212 300 1006 278 4.91821 10321
212 76 374 24 4.70213 366
212 84 392 46 4.71435 1540
212 100 380 94 4.62561 1287
212 108 382 98 4.6142 1540
852 196 166 182 4.28611 60359
852 244 162 190 4.30063 58693
852 68 1122 90 4.07201 30108
852 300 172 262 4.06987 41286
852 84 976 8 4.10259 26466
852 92 1110 122 3.96503 39099
852 116 976 30 4.1624 24101
860 140 984 54 4.09888 24976
860 252 174 216 4.30873 52166
860 308 186 268 4.10593 49816
860 116 984 32 4.15646 24976
868 156 1132 152 4.11452 34345
868 228 182 184 4.35475 52166
868 260 190 218 4.31015 58729
868 124 1130 110 4.25154 40871
876 252 166 212 4.338 51329
876 4 1006 10 3.79981 26625
876 260 166 218 4.32185 51329
876 268 26 224 4.24727 52964
876 284 172 246 4.2211 51329
876 292 172 254 4.22361 51329
876 308 186 278 4.06222 48559
876 20 1038 2 3.89679 32908
876 92 1138 80 4.22171 33879
876 100 1134 90 4.2863 40871
876 108 1134 86 4.29191 43647
876 116 1134 96 4.27256 43647
220 132 400 122 4.84963 384
220 140 398 134 4.95736 1399
220 36 374 0 4.70315 366
220 148 398 142 4.93392 1399
220 164 400 158 5.00336 1326
220 172 400 168 5.01097 1326
220 44 382 22 4.75492 482
220 204 386 204 4.94296 1394
220 52 382 14 4.66886 366
220 212 386 214 4.97759 1394
220 228 398 234 5.16138 186
220 236 402 246 5.21222 186
220 252 390 264 5.05625 186
220 308 1002 288 5.10638 10867
220 100 396 94 4.62771 2797
220 108 398 102 4.6503 2797
220 116 390 104 4.70577 1218
884 132 1152 102 4.14604 43647
884 260 22 214 4.27265 44688
884 268 34 224 4.2672 52964
884 276 18 234 4.2084 43032
884 284 182 246 4.23501 51329
884 300 192 270 4.10841 48559
884 324 82 324 4.05746 39843
884 332 70 332 4.02698 46894
884 356 1058 358 3.88961 47044
884 100 1152 90 4.26369 40871
892 276 34 232 4.24491 44688
892 284 184 246 4.25038 51329
892 292 182 252 4.23456 51329
892 300 48 244 4.13232 64739
892 76 1074 22 4.26819 46309
892 308 192 278 4.11346 48559
892 84 1074 32 4.28977 46309
892 92 1074 46 4.28186 46309
892 100 1162 86 4.2944 40871
900 140 1098 98 4.13974 42729
900 172 2 174 4.01477 83831
900 52 1170 64 3.99454 44079
900 228 42 210 4.1872 66848
900 236 40 216 4.20022 66848
900 68 1170 78 4.12746 39622
900 292 190 250 4.24862 51329
900 300 56 242 4.13497 64739
900 76 1080 22 4.29636 46309
900 308 218 276 4.13161 58693
900 316 218 284 4.07516 58693
900 84 1080 32 4.29438 46309
900 92 1080 46 4.29924 46309
900 100 1080 58 4.30129 46309
900 108 1080 50 4.27574 47250
908 140 1106 98 4.02717 42729
908 148 1104 104 4.11421 42729
908 180 162 116 4.06671 38277
908 212 48 194 4.29691 66848
908 220 46 202 4.28615 66848
908 236 48 218 4.17183 66848
908 316 226 284 4.10454 58693
908 108 962 64 4.19608 48835
228 36 390 12 4.75899 482
228 148 406 142 4.74461 1325
228 156 404 150 4.7305 1611
228 44 390 18 4.76349 482
228 180 406 176 5.04125 1015
228 188 406 186 5.05959 1015
228 212 382 216 4.8737 1015
228 220 390 224 5.07952 193
228 244 414 254 5.44372 62
228 252 414 258 5.42285 62
228 68 396 50 4.71656 241
228 300 1006 280 5.16999 9952
228 76 398 56 4.74847 241
228 308 1008 288 5.15848 9952
228 92 396 72 4.74432 241
228 116 398 104 4.65857 336
228 124 396 114 4.61709 1218
916 284 70 234 4.21747 65969
916 308 182 264 4.12198 38951
924 148 1192 112 4.09243 47652
924 164 172 104 4.05698 38277
924 44 1116 2 3.92193 38235
924 284 78 234 4.21007 65969
924 116 1190 102 4.24326 39920
924 124 1190 106 4.2654 39920
932 68 978 42 4.21684 43510
932 76 1120 30 4.22318 38235
932 84 1120 42 4.22717 38235
932 100 1124 66 4.22121 38235
932 116 1196 102 4.25545 39920
932 124 1196 106 4.2556 39920
940 68 1202 56 4.02901 39741
940 332 894 322 4.01145 71544
940 340 894 330 3.98244 71544
236 140 406 134 4.62365 183
236 44 424 8 4.69193 4821
236 12 398 6 4.70392 148
236 196 404 196 4.97499 165
236 204 406 206 4.97562 165
236 52 406 22 4.72822 482
236 220 398 224 5.09288 193
236 60 404 38 4.73043 2574
236 4 488 58 4.65016 105
236 68 404 44 4.81687 108
236 292 1008 264 5.18501 9952
236 300 1018 280 5.15918 9952
236 76 404 54 4.8281 108
236 308 1018 288 5.15906 9952
236 92 404 72 4.72229 241
236 100 406 92 4.77677 108
236 116 404 100 4.77585 205
236 124 400 110 4.77908 108
948 52 1194 46 3.87609 48142
948 68 1212 86 4.08349 39622
948 84 1156 46 4.03716 39386
948 340 898 334 3.96244 97500
948 92 1104 34 4.07005 43882
956 68 1168 46 4.07374 41445
956 76 1218 104 4.01731 40871
60 164 256 160 4.39708 1016
60 172 256 168 4.45586 1016
60 188 254 184 4.39199 4142
60 196 254 192 4.34893 4142
60 116 174 94 4.42484 1168
60 124 174 102 4.25679 1190
964 68 1178 46 4.04966 41445
964 84 1178 52 3.94405 39386
964 116 110 190 4.08753 44326
972 60 1184 36 4.01243 41445
972 68 1184 42 4.02431 41445
972 356 1070 370 3.82015 59048
244 132 412 122 4.9806 105
244 140 412 130 4.98634 105
244 36 410 6 4.70216 499
244 148 412 140 4.99395 105
244 172 424 170 4.98788 83
244 44 418 18 4.73694 1213
244 188 412 182 4.97228 148
244 196 412 196 5.02243 29
244 204 412 206 5.10434 83
244 212 412 216 5.29007 101
244 220 412 224 5.32564 101
244 228 414 236 5.32696 12
244 236 422 246 5.42511 83
244 60 414 30 4.76598 499
244 68 414 42 4.81545 108
244 300 1028 280 5.11937 10867
244 76 412 54 4.83728 142
244 92 418 66 4.80862 142
244 100 410 82 4.79817 175
244 108 412 94 4.92654 142
244 116 410 102 4.96043 377
244 124 410 110 4.95169 105
980 60 1192 38 4.02591 41445
980 100 1056 72 3.97686 50399
988 76 1060 56 3.96188 72127
988 92 1062 64 3.90351 50399
996 124 1068 70 3.92134 49555
1004 44 206 144 4.2153 40100
1004 60 204 158 4.29369 40100
1004 68 206 170 4.30416 40100
1004 20 128 114 4.05891 41477
1004 340 246 278 4.03163 39986
252 140 434 132 5.02396 67
252 148 430 142 5.13636 52
252 156 432 150 5.02873 52
252 172 432 168 5.18545 67
252 44 424 18 4.73596 1213
252 180 432 178 5.16911 67
252 188 420 184 5.02267 148
252 196 420 198 5.03063 29
252 204 420 206 5.10184 83
252 52 426 26 4.75262 499
252 212 420 216 5.35679 101
252 220 420 226 5.33194 101
252 228 418 236 5.32561 0
252 236 430 246 5.42535 83
252 244 418 254 5.49946 0
252 252 418 258 5.50136 0
252 300 1034 280 5.06346 9952
252 76 420 58 4.82013 41
252 308 1034 290 5.01545 9952
252 84 426 56 4.79832 41
252 364 502 322 4.71805 2161
252 100 422 82 4.84884 35
252 108 422 90 4.91616 142
252 116 434 106 5.03377 285
252 124 434 112 5.07827 98
1012 44 212 142 4.22822 40100
1012 68 210 170 4.32349 40100
1012 92 210 164 4.25725 41897
1020 12 138 108 3.95586 39979
1020 308 1050 336 3.87722 63270
1020 324 1064 350 3.9481 70726
4 180 210 176 4.57588 6440
4 228 222 234 4.39513 2205
4 60 194 46 4.32199 1768
4 244 216 240 4.31123 2205
4 252 214 248 4.39971 2205
4 260 114 278 4.12438 3930
4 76 188 70 4.30182 5906
4 84 186 80 4.29165 5906
4 348 0 236 4.18958 7929
4 356 0 246 4.16937 7929
4 108 208 84 4.22882 6440
260 132 442 122 5.14507 928
260 140 440 132 5.23227 1129
260 148 440 140 5.29549 1007
260 156 442 150 5.29753 1007
260 164 442 158 4.95548 1007
260 172 442 168 5.2381 1129
260 180 440 178 5.25668 1007
260 196 442 196 5.21862 1129
260 204 442 204 5.18887 1007
260 52 432 22 4.69086 464
260 212 426 218 5.29492 52
260 60 426 38 4.75902 2790
260 292 474 274 5.07533 522
260 76 430 52 4.79621 58
260 308 990 298 4.87913 8961
260 316 990 304 4.67266 18329
260 364 512 322 4.70547 2161
260 92 432 74 4.82894 142
260 100 424 86 4.82526 1711
260 108 430 92 4.8406 314
260 116 442 106 5.00953 285
260 124 442 114 5.14912 928
268 140 450 132 5.25192 1129
268 148 450 140 5.29451 1007
268 156 450 150 5.27467 1007
268 164 450 158 5.31564 1015
268 172 450 170 5.31953 1015
268 44 446 26 4.65901 482
268 180 450 178 5.31389 1015
268 188 450 186 5.31397 1015
268 196 450 196 5.26382 1129
268 204 450 204 5.23357 1007
268 220 430 226 5.30874 101
268 228 430 236 5.34535 12
268 236 434 246 5.41518 12
268 60 432 38 4.73809 2790
268 244 440 254 5.47484 0
268 68 434 46 4.782 41
268 76 440 54 4.78077 58
268 308 998 298 4.88918 8961
268 316 448 302 4.57057 111
268 84 438 64 4.84378 118
268 92 440 74 4.88402 118
268 100 440 82 4.93743 35
268 108 442 92 4.92147 35
268 28 446 2 4.68123 73
268 116 438 100 4.97745 35
268 124 450 114 5.15818 928
68 164 262 158 4.46599 1016
68 180 262 176 4.44452 4142
68 188 262 184 4.47772 4142
68 196 262 192 4.45565 4142
68 300 238 302 4.16897 1105
68 308 238 310 4.16718 1105
68 84 294 30 4.5155 397
68 108 180 88 4.39938 1168
68 116 180 96 4.41686 1168
68 124 278 74 4.37863 385
276 132 458 122 5.0922 1051
276 140 458 132 5.24861 1113
276 148 458 142 5.25954 965
276 156 458 150 5.28399 965
276 164 458 158 5.2915 1015
276 172 458 168 5.31215 1015
276 180 458 178 5.31675 1015
276 188 458 186 5.32637 1015
276 196 458 196 5.20539 1129
276 204 458 204 5.10323 1007
276 212 438 214 5.21577 52
276 220 438 226 5.31724 52
276 228 438 238 5.30863 0
276 60 454 30 4.6984 2720
276 68 454 38 4.7938 14
276 284 442 272 5.42205 12
276 76 448 56 4.81948 58
276 84 448 64 4.89902 118
276 356 534 312 4.73767 2161
276 100 450 86 4.9814 35
276 108 448 92 4.98546 35
276 116 448 100 5.0047 35
276 124 458 114 5.15197 928
284 132 466 126 5.10374 1051
284 140 466 132 5.22192 1129
284 148 468 142 5.26819 1007
284 156 468 152 5.26349 1007
284 164 466 160 5.23985 1015
284 172 466 168 5.27519 1015
284 180 466 178 5.2983 1015
284 188 466 186 5.30009 1015
284 196 466 196 5.21461 1129
284 204 466 204 5.21748 0
284 212 458 214 5.33455 52
284 220 458 226 5.37782 52
284 228 452 240 5.33166 0
284 60 478 28 4.68912 3250
284 4 442 16 4.58391 148
284 260 446 258 5.53008 0
284 284 472 270 5.43294 29
284 76 460 60 4.83497 1701
284 316 1016 302 4.75226 12101
284 84 460 66 4.84126 1701
284 92 452 72 4.80588 229
284 108 466 78 4.94723 35
284 28 444 8 4.66819 169
284 116 456 102 4.93548 4209
284 124 464 114 5.11866 928
292 140 474 132 5.17055 67
292 148 476 140 5.20529 52
292 156 476 150 5.27179 52
292 164 476 160 5.2638 1015
292 172 476 168 5.26749 1015
292 180 476 176 5.2818 1015
292 188 476 186 5.28946 1015
292 196 476 198 5.15608 0
292 204 474 204 5.20438 0
292 212 468 214 5.37635 52
292 220 470 224 5.37224 52
292 60 484 30 4.69233 3250
292 252 478 262 5.50667 12
292 260 450 258 5.52668 0
292 268 450 264 5.53008 0
292 68 486 38 4.69586 3250
292 76 476 44 4.7887 142
292 20 450 0 4.67956 169
292 356 530 302 4.76184 1944
292 92 474 66 4.85054 142
292 100 474 74 4.98186 35
292 108 472 82 4.93987 35
292 28 450 10 4.64488 169
300 140 490 134 5.15628 67
300 148 484 142 5.23508 52
300 156 482 152 5.24485 52
300 164 484 160 5.22012 12
300 172 484 168 5.19823 12
300 188 484 186 5.18481 67
300 196 484 196 5.2038 67
300 212 470 216 5.28961 52
300 220 474 224 5.3332 52
300 60 464 36 4.60148 2790
300 244 486 254 5.50643 12
300 252 490 258 5.506 12
300 284 464 272 5.45044 12
300 76 484 46 4.77033 142
300 308 1006 300 4.89268 12801
300 324 526 292 4.73926 400
300 84 466 64 4.76986 229
300 364 494 310 4.7876 615
300 92 482 66 4.84398 142
300 108 470 88 4.92036 35
300 28 458 6 4.59473 101
300 116 478 90 4.91652 35
300 124 472 110 4.98786 105
76 172 268 134 4.27066 1432
76 180 268 142 4.18258 1432
76 188 268 184 4.28031 403
76 12 310 8 4.48854 397
76 196 268 194 4.34729 403
76 204 270 200 4.3437 1697
76 276 70 302 4.14991 19019
76 76 298 24 4.56844 397
76 308 258 312 4.1802 1021
76 84 298 34 4.51406 397
76 348 178 354 3.95125 5781
76 108 182 86 4.38642 638
76 116 184 96 4.40187 638
308 148 490 142 5.21578 52
308 156 494 152 5.23238 52
308 164 494 160 5.20529 52
308 172 494 170 5.14017 52
308 180 494 178 5.22831 1007
308 188 494 186 5.21444 1007
308 196 492 196 5.23341 1007
308 204 494 204 5.2369 1007
308 212 478 216 5.2876 52
308 228 456 240 5.43244 1326
308 252 456 262 5.48352 1326
308 268 470 262 5.53388 0
308 284 454 274 5.43446 29
308 308 1050 298 4.9112 8961
308 324 484 318 4.78352 1637
308 84 498 62 4.80914 142
308 348 486 310 4.72651 362
308 364 502 310 4.79857 615
308 100 486 82 4.91684 175
308 124 492 114 5.05121 928
316 140 502 132 5.14684 1129
316 148 502 140 5.12544 1129
316 156 502 152 5.11156 1007
316 164 498 160 5.10455 1007
316 172 502 170 5.13137 1129
316 180 502 178 5.23468 1007
316 188 502 186 5.21066 1007
316 196 500 196 5.22677 1007
316 204 502 204 5.22158 1007
316 212 482 216 5.31563 965
316 220 482 226 5.33854 965
316 228 464 242 5.4191 1326
316 68 498 54 4.7979 14
316 276 466 264 5.4646 29
316 284 462 274 5.3937 29
316 308 1056 298 4.92277 8961
316 364 504 304 4.79063 615
316 92 498 76 4.68165 2780
316 100 494 82 4.89311 1276
316 108 488 88 4.98651 3487
316 124 502 114 5.05127 928
20 188 220 184 4.64676 2331
20 196 222 192 4.5571 2331
20 204 218 200 4.63832 2331
20 212 222 208 4.63546 2331
20 220 222 216 4.43653 5900
20 252 240 246 4.36189 2205
20 356 284 110 4.1629 33997
20 100 270 68 4.29651 4466
324 132 502 122 4.99304 98
324 140 506 130 4.96595 1113
324 148 506 138 4.97091 1113
324 156 508 152 5.03565 965
324 164 508 160 5.05552 1015
324 172 510 168 5.10993 1015
324 180 510 180 5.04455 101
324 188 510 188 5.1556 101
324 12 466 12 4.59701 384
324 196 510 196 5.18616 1015
324 204 508 204 5.14255 1015
324 212 490 218 5.32229 965
324 220 490 226 5.31037 965
324 228 476 242 5.43829 1326
324 236 478 250 5.45301 1326
324 60 506 44 4.59142 2971
324 68 506 52 4.73353 1248
324 292 1066 278 5.0456 8961
324 308 1046 298 4.85322 12801
324 332 470 306 4.75405 218
324 340 472 310 4.76009 218
324 92 510 78 4.71138 2780
324 100 500 82 4.91554 1276
324 108 498 88 4.88653 2788
324 116 498 100 4.92915 1276
324 124 498 110 4.97629 98
332 132 506 120 4.87645 98
332 140 520 134 4.95118 92
332 148 520 142 4.89825 92
332 156 514 152 4.87223 193
332 164 516 162 4.96511 29
332 172 514 168 5.00545 29
332 180 520 182 5.12234 101
332 188 520 188 5.15681 101
332 196 520 198 5.095 101
332 204 518 206 5.0905 101
332 212 498 218 5.33138 101
332 220 496 226 5.31391 101
332 228 482 242 5.46763 186
332 60 520 42 4.87241 3250
332 300 1058 294 4.90705 9145
332 76 518 60 4.92451 1585
332 324 502 282 4.75997 615
332 84 520 68 4.89867 1553
332 348 490 314 4.78878 3678
332 92 520 78 4.94812 1902
332 100 518 84 4.90166 1902
332 116 518 102 4.87484 1902
332 124 508 110 4.94828 98
84 220 258 222 4.5096 423
84 228 258 228 4.48362 423
84 300 262 302 4.11351 1021
84 308 262 310 4.17786 1021
84 340 270 372 4.10274 3796
84 348 302 370 3.99233 2052
340 132 514 118 4.97688 98
340 140 528 138 4.9341 83
340 148 528 146 5.15152 101
340 156 528 152 5.19327 101
340 164 526 158 5.09936 101
340 172 526 170 5.17073 101
340 180 528 180 5.13931 12
340 204 514 210 5.07327 83
340 212 514 218 5.28518 169
340 220 514 226 5.23886 169
340 228 488 242 5.46811 186
340 60 530 42 4.88658 3250
340 252 486 258 5.50394 186
340 4 490 6 4.57015 322
340 68 526 48 5.01001 851
340 292 1070 280 4.98079 9145
340 76 528 58 5.04185 1384
340 308 1064 302 4.87065 9145
340 324 510 282 4.77427 615
340 84 528 68 5.10529 1780
340 340 506 302 4.77885 362
340 348 498 316 4.79927 4043
340 92 528 78 5.13384 1384
340 100 526 86 5.13262 1384
340 108 530 96 5.02891 1640
340 116 530 106 5.03288 1640
340 124 530 112 4.94781 1640
348 132 536 122 5.14871 79
348 140 536 132 5.1814 67
348 148 536 142 5.23587 52
348 156 536 150 5.25207 52
348 164 536 160 5.24195 52
348 172 536 170 5.24888 52
348 180 536 178 5.21365 0
348 188 536 186 5.18645 0
348 196 534 198 5.07973 52
348 204 534 208 5.11801 52
348 52 530 30 4.25264 1774
348 212 522 218 5.25018 101
348 220 522 228 5.19124 101
348 60 536 42 4.95236 3250
348 260 490 254 5.40938 249
348 68 538 50 5.08084 1042
348 276 1084 264 5.18355 9145
348 284 1078 272 5.0663 12101
348 292 1082 280 4.91843 8961
348 76 538 58 5.10679 1384
348 308 1082 298 4.86238 9145
348 316 486 286 4.6642 253
348 84 538 68 5.11043 1780
348 364 556 302 4.70737 701
348 92 538 78 5.12861 1384
348 100 538 86 5.16147 1281
348 108 536 94 5.1421 1281
348 116 536 104 5.1504 1281
348 124 536 114 5.17337 98
356 132 546 124 5.21364 928
356 140 546 132 5.22972 928
356 148 546 142 5.24983 52
356 156 544 152 5.24716 52
356 164 544 160 5.22699 52
356 172 546 170 5.24714 52
356 180 546 176 5.17357 0
356 188 546 184 5.13076 0
356 196 546 198 5.09399 52
356 204 544 206 5.12352 52
356 52 538 30 4.474 1774
356 212 530 218 5.24669 101
356 220 530 228 5.22846 101
356 228 526 242 5.39673 101
356 236 526 250 5.41098 101
356 60 546 40 4.90319 3250
356 244 518 256 5.21978 92
356 252 1090 236 5.12602 8961
356 260 528 270 5.26918 169
356 68 546 48 5.07603 1042
356 276 1090 264 5.1817 9145
356 284 1090 272 5.04941 12101
356 300 1090 288 4.89899 9145
356 76 548 62 5.11896 1585
356 84 548 70 5.11821 1585
356 356 534 306 4.71269 615
356 92 546 78 5.10853 1384
356 100 546 86 5.18569 1281
356 108 546 96 5.17473 1281
356 116 546 104 5.16691 1640
356 124 546 114 5.22396 928
364 132 554 122 5.22198 928
364 140 554 132 5.22143 67
364 148 554 142 5.30139 52
364 156 554 150 5.27411 52
364 164 554 158 5.15088 52
364 172 554 170 5.23968 52
364 180 554 178 5.21802 0
364 188 554 188 5.1904 12
364 196 554 196 5.06953 101
364 212 538 218 5.24697 101
364 220 538 228 5.21925 101
364 228 532 242 5.39952 101
364 236 530 250 5.41099 101
364 60 556 38 4.64727 718
364 244 526 258 4.99857 83
364 252 1102 236 5.11317 8961
364 4 550 34 4.12468 683
364 68 556 52 4.76384 851
364 284 1096 272 5.02314 12101
364 292 1090 284 4.92948 9145
364 300 1096 292 4.91777 8961
364 308 1090 298 4.93387 9145
364 84 554 68 4.97636 1780
364 92 554 74 5.05899 1384
364 100 556 86 5.16411 1640
364 108 556 94 5.15415 1640
364 116 554 104 5.17896 1640
364 124 554 114 5.23813 928
92 132 280 126 4.30335 385
92 140 282 134 4.28331 385
92 148 306 138 4.30344 495
92 156 306 146 4.37243 551
92 164 306 152 4.3147 551
92 172 282 166 4.32366 222
92 180 282 176 4.535 255
92 188 282 184 4.50395 255
92 260 98 290 4.19772 1807
92 340 272 372 4.07895 3796
372 132 564 124 5.20032 1051
372 140 564 132 5.22626 67
372 148 562 142 5.28892 52
372 156 562 150 5.27925 52
372 164 564 160 5.2425 1007
372 172 564 168 5.2338 1007
372 180 562 178 5.17817 0
372 196 562 198 4.9911 52
372 204 562 206 5.11056 52
372 220 550 228 5.16396 52
372 236 554 250 5.37444 52
372 252 1106 238 5.09002 9145
372 4 556 30 4.2767 683
372 68 558 40 4.67784 851
372 276 1106 262 5.15565 9145
372 308 1096 298 4.93648 9145
372 356 512 318 4.68667 218
372 100 564 86 5.14651 1281
372 108 564 98 5.0598 1281
372 116 564 104 5.1329 1281
372 124 562 114 5.17468 98
380 132 572 122 5.21571 1051
380 140 572 132 5.23307 928
380 148 572 142 5.26645 1007
380 156 572 150 5.27189 1007
380 164 572 160 5.25503 1007
380 172 572 168 5.25262 1007
380 180 572 178 5.1576 928
380 188 570 186 4.81887 1051
380 196 570 200 5.00356 1007
380 204 568 208 4.98894 2954
380 228 590 240 5.23452 1007
380 236 586 250 5.18986 1007
380 252 1114 238 4.9998 15623
380 260 1114 246 5.02336 15623
380 268 1114 254 5.14709 15623
380 68 562 44 4.81714 777
380 276 1114 262 5.14059 15623
380 292 1110 282 4.93769 15623
380 76 566 50 4.84908 1260
380 308 1104 294 4.87521 15623
380 84 562 60 4.96943 777
380 92 564 70 4.99503 777
380 100 572 86 4.88501 1299
380 116 570 102 4.97973 4209
380 124 572 114 5.13782 928
388 132 580 124 5.10984 1266
388 140 580 132 5.07432 1266
388 36 566 34 4.42347 366
388 148 580 142 5.1131 965
388 156 580 152 5.14217 965
388 164 578 160 4.96019 965
388 172 578 170 5.04319 965
388 180 578 178 4.94207 841
388 188 578 190 4.92303 1082
388 196 578 200 5.06416 671
388 204 576 208 5.03862 671
388 212 574 218 5.08137 671
388 220 576 228 5.09015 671
388 260 1110 246 4.93939 22425
388 68 572 42 4.84558 777
388 76 574 52 4.8623 1384
388 84 572 58 5.00789 777
388 92 576 70 4.97091 1384
388 100 576 78 5.01727 1640
388 108 574 90 5.00413 1640
388 116 576 100 4.96743 1640
388 124 582 112 5.01164 841
396 132 586 122 5.06659 1640
396 140 586 132 5.02313 1640
396 148 586 142 5.12019 1640
396 156 586 150 5.13076 1640
396 164 588 158 4.80728 1199
396 172 592 170 4.98602 683
396 44 586 26 4.48864 1015
396 180 592 176 4.93919 683
396 188 590 188 4.92495 1199
396 196 584 198 5.06349 671
396 204 586 208 5.0844 671
396 52 572 38 4.5769 2737
396 212 584 218 5.05878 671
396 220 592 234 5.10947 2519
396 60 586 34 4.52876 1793
396 76 584 50 4.939 1384
396 20 576 2 4.37524 1518
396 84 584 58 4.92821 1384
396 92 584 70 4.92153 1384
396 100 586 78 5.02327 1640
396 108 582 90 5.03308 1640
396 28 576 10 4.27849 1518
396 116 586 100 4.97705 1640
396 124 586 110 5.04278 866
100 156 312 144 4.31632 551
100 164 290 160 4.48627 29
100 172 290 170 4.50036 29
100 180 290 176 4.56532 29
100 188 290 184 4.55719 29
100 220 270 218 4.57612 711
100 228 268 230 4.63003 711
100 316 270 316 4.13953 336
100 324 270 322 4.07887 336
404 132 592 122 4.91137 1281
404 140 594 130 5.00879 1281
404 36 588 8 4.48246 2076
404 148 598 140 5.02049 1281
404 156 594 150 5.06734 1281
404 164 598 160 4.81439 829
404 172 602 168 5.01716 683
404 44 602 20 4.53641 4821
404 180 602 178 4.9279 683
404 196 592 198 5.00912 482
404 204 592 210 5.0013 482
404 52 582 38 4.56909 1326
404 220 602 234 5.08116 2519
404 60 596 32 4.80603 1540
404 68 594 40 4.8847 777
404 76 594 50 4.85364 777
404 324 592 304 4.67055 1281
404 84 602 56 4.82564 1197
404 92 594 70 4.8542 2526
404 100 594 78 4.9113 1281
404 108 592 90 4.81312 1281
404 28 586 2 4.57185 2076
404 116 594 100 4.92553 1281
404 124 594 110 4.9261 683
412 132 606 120 4.86252 1299
412 140 602 128 4.7992 1299
412 36 596 10 4.60175 1839
412 148 604 140 5.01233 1299
412 156 606 150 5.03569 1299
412 164 614 162 4.89892 649
412 172 610 168 4.94289 649
412 180 608 178 4.90349 1954
412 188 612 186 5.00848 939
412 196 612 196 4.97806 939
412 60 604 30 4.82833 1540
412 76 610 50 4.84661 1197
412 84 608 56 4.88112 1197
412 92 606 68 4.83564 1197
412 100 602 78 4.874 1089
412 108 602 88 4.88418 1089
412 28 596 0 4.62678 1839
412 116 602 96 4.72078 1677
412 124 606 108 4.83597 1299
420 132 618 118 4.89387 1173
420 140 610 132 4.78218 693
420 148 612 142 5.00124 1089
420 156 614 150 5.01262 1089
420 164 622 160 4.93839 649
420 172 622 168 4.96024 649
420 44 606 6 4.59586 2250
420 180 622 180 4.93416 649
420 188 620 188 5.01034 939
420 196 620 196 4.99403 939
420 60 616 30 4.78704 1540
420 68 614 38 4.82281 1540
420 292 1142 282 4.45931 10320
420 300 1138 290 4.43831 20401
420 76 616 46 4.73429 1494
420 92 614 70 4.85659 1946
420 100 614 78 4.87495 1089
420 108 612 88 4.88042 1089
420 116 612 98 4.91882 1450
428 132 622 120 4.91271 1665
428 140 624 130 4.85993 488
428 36 636 22 4.5478 1180
428 148 622 140 4.91074 1173
428 156 622 150 4.90364 1173
428 164 624 158 4.74319 847
428 44 608 8 4.62111 1146
428 188 628 186 4.74046 575
428 52 610 18 4.63036 1146
428 220 740 214 4.4746 13444
428 228 742 226 4.46819 13444
428 60 624 28 4.81558 1540
428 68 622 38 4.84501 488
428 76 624 48 4.89264 488
428 92 622 70 4.76901 1793
428 100 622 80 4.85365 1003
428 108 622 88 4.89132 1003
428 28 610 0 4.51341 1839
428 116 622 96 4.85961 1450
428 124 622 110 4.91441 1665
108 156 298 150 4.31927 148
108 164 296 158 4.4762 29
108 172 296 168 4.45981 29
108 180 298 176 4.55022 29
108 204 276 200 4.44087 92
108 220 276 222 4.68532 92
108 228 278 230 4.69881 92
108 316 298 338 4.28001 108
108 340 310 352 4.24757 352
108 348 310 360 4.17503 352
436 132 632 120 4.88869 1665
436 148 632 140 4.91589 488
436 156 632 150 4.95883 488
436 164 632 154 4.81258 847
436 172 632 166 4.67135 488
436 44 616 6 4.6027 1146
436 180 632 170 4.77669 847
436 188 744 184 4.7704 3089
436 204 746 200 4.68942 4082
436 212 746 208 4.69125 4082
436 220 746 216 4.7659 3089
436 236 748 234 4.76426 3089
436 244 750 240 4.78224 4082
436 68 632 40 4.87554 488
436 300 1170 294 4.42306 15356
436 76 632 48 4.89127 488
436 84 634 58 4.84455 1998
436 92 632 70 4.91678 1540
436 100 632 78 4.96648 1540
436 108 632 86 4.87094 1003
436 116 632 94 4.79851 1540
436 124 632 110 4.89879 1665
444 132 644 118 4.93854 1665
444 140 644 130 4.79448 2180
444 36 656 20 4.48297 5582
444 148 642 138 4.80872 1793
444 156 648 152 4.75837 2547
444 164 642 168 4.55049 2950
444 172 642 176 4.59378 1450
444 180 644 190 4.58543 1435
444 196 750 192 4.78804 2538
444 204 752 200 4.75876 2538
444 212 752 208 4.78556 2538
444 220 752 216 4.83574 2538
444 228 754 224 4.7695 3089
444 60 642 40 4.70259 1450
444 244 758 240 4.80035 4082
444 76 640 48 4.85586 1998
444 84 640 58 4.84253 1998
444 92 642 66 4.96264 1540
444 100 642 76 4.95832 1540
444 108 646 86 4.89562 1793
444 116 642 98 4.88046 1793
444 124 642 108 4.91582 1665
28 140 228 134 4.10864 2952
28 180 228 176 4.39488 5900
28 188 226 184 4.59639 2529
28 196 228 192 4.47476 2529
28 212 228 208 4.40964 2110
28 220 226 218 4.36799 2205
28 228 240 228 4.38595 5900
28 236 230 234 4.40456 2331
28 244 230 244 4.41439 2331
28 332 226 120 4.08815 2705
452 132 652 118 4.95073 1665
452 140 652 130 4.84917 2899
452 36 624 6 4.52522 1015
452 148 650 140 4.76732 1540
452 156 656 154 4.61616 2797
452 164 658 164 4.56421 1793
452 180 650 194 4.56775 1435
452 188 758 184 4.75633 2622
452 196 758 192 4.78335 2538
452 204 760 200 4.82521 3089
452 52 642 0 4.55764 1849
452 236 770 230 4.6741 3089
452 60 654 38 4.64433 1793
452 76 648 54 4.7701 1665
452 84 648 62 4.80397 1435
452 92 652 66 4.94209 1793
452 100 652 78 4.91022 1793
452 108 654 86 4.90877 1540
452 116 656 94 4.92451 1540
452 124 652 110 4.93544 1665
460 132 662 120 4.92818 1841
460 140 662 132 4.84667 4604
460 148 662 138 4.88797 4604
460 156 662 150 4.76338 3519
460 172 658 172 4.51633 5522
460 196 768 192 4.80364 2538
460 204 768 200 4.82867 3089
460 212 766 208 4.8443 2538
460 220 764 216 4.85132 2538
460 236 778 232 4.58066 3089
460 268 1184 254 4.71818 15356
460 76 650 46 4.7313 1745
460 84 660 58 4.75054 2899
460 92 662 66 4.88281 1540
460 100 662 78 4.86839 1540
460 108 662 86 4.92548 1540
460 28 664 14 4.47407 5430
460 116 662 96 4.9669 1540
460 124 662 108 4.89355 1287
116 172 324 166 4.36744 495
116 204 284 206 4.67321 83
116 212 284 214 4.66335 13
116 220 284 220 4.6769 13
116 228 284 230 4.64887 83
116 300 274 300 4.15347 491
116 308 302 330 4.24571 108
116 316 304 336 4.2548 108
116 324 318 344 4.204 352
116 340 316 352 4.23665 352
116 348 316 360 4.22412 352
468 132 670 120 4.89418 1841
468 140 672 134 4.88072 4604
468 148 672 140 4.86498 4604
468 156 672 148 4.59966 2591
468 188 774 184 4.66939 2622
468 196 776 190 4.77614 2538
468 204 776 200 4.79435 2538
468 212 774 208 4.84314 2538
468 220 774 216 4.84923 2538
468 260 1192 246 4.74123 15356
468 268 1190 256 4.73012 15356
468 68 666 44 4.6368 1218
468 76 658 46 4.72219 1745
468 84 674 58 4.73671 1841
468 92 674 70 4.7822 1745
468 100 674 80 4.84595 1218
468 108 672 88 4.89217 1745
468 116 672 96 4.91488 1745
468 124 672 104 4.85732 1218
476 132 682 118 4.85364 2940
476 148 684 140 4.865 2532
476 156 682 150 4.87117 2532
476 164 684 170 4.55084 2864
476 180 668 194 4.33768 2240
476 188 786 184 4.57061 2880
476 212 782 208 4.74895 2603
476 220 782 216 4.78351 2603
476 236 1190 228 4.56319 22419
476 60 684 34 4.60507 2574
476 244 1202 234 4.71783 15990
476 260 1200 246 4.67869 15990
476 268 1202 254 4.66701 15990
476 68 682 40 4.62173 2574
476 276 1208 258 4.4252 9952
476 76 686 48 4.65629 2940
476 20 678 2 4.63087 5610
476 84 682 58 4.62702 4198
476 92 682 68 4.75435 2574
476 100 682 78 4.89191 3519
476 116 682 94 4.83381 2591
476 124 682 106 4.87396 2591
484 132 692 116 4.85744 2940
484 140 690 134 4.81516 1849
484 148 690 140 4.8505 1849
484 156 690 150 4.88917 1849
484 164 690 158 4.58318 4330
484 172 690 170 4.51793 2367
484 44 694 30 4.60864 4799
484 180 690 178 4.53319 2367
484 196 792 190 4.51863 14390
484 212 792 206 4.61477 14390
484 220 792 214 4.5139 14390
484 236 1198 230 4.51837 22419
484 60 694 36 4.65786 2864
484 68 694 42 4.59094 2574
484 76 694 48 4.61454 2940
484 20 688 2 4.62407 5610
484 84 690 58 4.65293 4198
484 92 692 68 4.80639 2574
484 100 692 78 4.89765 2591
484 108 692 88 4.8888 2591
484 28 692 12 4.67299 5489
484 116 694 98 4.87161 2591
484 124 692 108 4.90283 2591
492 132 698 128 4.80837 1849
492 36 702 20 4.73982 5610
492 148 700 142 4.86837 3587
492 156 700 152 4.83727 3587
492 172 698 168 4.51327 2367
492 44 702 30 4.77927 5610
492 180 702 178 4.5392 2367
492 212 800 208 4.61662 3089
492 220 800 216 4.53723 4082
492 236 806 236 4.51014 14755
492 20 702 2 4.74304 5610
492 84 702 56 4.70835 4272
492 92 702 70 4.70653 2133
492 100 702 80 4.92117 2591
492 108 702 88 4.81828 2591
492 28 700 12 4.77889 5610
492 116 702 98 4.85858 2591
492 124 702 106 4.87654 2591
124 212 290 210 4.73632 13
124 220 290 222 4.75973 64
124 228 290 230 4.71855 64
124 244 894 226 4.16578 17194
124 252 894 242 4.22109 11113
124 260 894 250 4.25776 11113
124 68 298 22 4.49546 3
124 292 300 306 4.19884 15
124 300 300 312 4.22291 15
124 308 298 320 4.30996 15
500 140 710 130 4.87241 2591
500 36 706 20 4.7787 5610
500 148 710 142 4.93642 2591
500 156 708 152 4.97526 2591
500 164 708 160 4.6914 5145
500 44 706 26 4.75344 5610
500 180 706 170 4.56219 2133
500 204 824 204 4.50242 13500
500 212 810 208 4.42629 2538
500 220 814 220 4.42753 2880
500 228 812 226 4.4159 2603
500 236 812 234 4.55221 2880
500 60 698 32 4.70571 2133
500 268 800 338 4.25936 6843
500 68 698 42 4.69488 2133
500 20 708 2 4.7264 5610
500 84 712 66 4.76487 5514
500 100 710 86 4.80075 2591
500 108 714 92 4.78365 2591
500 28 708 12 4.78034 5610
500 116 714 100 4.85821 2591
500 124 714 108 4.88473 2591
508 132 718 124 4.89087 2532
508 140 718 132 4.95632 2532
508 36 718 18 4.64433 5690
508 148 718 142 5.01037 2532
508 156 716 150 4.99251 2591
508 164 716 158 4.74227 5145
508 172 722 166 4.57999 5902
508 196 830 198 4.49509 13500
508 204 834 204 4.51063 13500
508 212 822 208 4.44614 2603
508 220 822 216 4.37234 2603
508 228 822 230 4.35175 2603
508 68 720 48 4.76091 2771
508 76 720 60 4.73961 2771
508 20 720 0 4.75265 2818
508 92 718 74 4.74126 2771
508 100 720 86 4.85981 3587
508 108 720 94 4.86389 3587
508 28 718 10 4.74956 5690
508 116 722 102 4.81225 2591
508 124 726 110 4.88432 2591
1028 12 144 110 4.0081 39979
1028 316 1058 338 3.9068 101858
1028 20 142 118 4.24113 41477
1028 324 1058 346 3.94262 101858
1052 20 170 120 4.16627 41477
1060 4 122 110 3.88616 37928
1060 316 1090 336 3.94025 109492
1068 92 170 148 4.30759 38679
1076 164 1070 336 4.04888 200371
1076 60 186 166 4.2912 38679
1076 84 184 176 4.34927 36879
1076 92 176 148 4.31526 38679
1084 36 214 146 4.20671 66153
1084 164 1074 336 4.05976 200149
1084 268 96 154 3.98513 52936
1092 60 220 146 4.32079 44419
1092 76 216 152 4.36075 38494
1092 84 214 158 4.34993 38494
1092 340 106 194 4.13554 48099
1092 100 222 164 4.337 40690
1100 12 122 122 4.11339 56691
1100 60 226 146 4.37924 36879
1100 316 1120 340 3.97351 95884
1100 84 226 158 4.3914 39508
1100 364 110 200 4.15965 58967
1100 28 222 140 4.27545 169782
1108 68 232 154 4.42377 36879
1108 76 232 150 4.43681 39508
1108 20 126 128 4.13414 56691
1108 84 232 162 4.44739 39508
1116 44 120 146 4.42676 40922
1116 12 146 126 4.31494 46954
1116 60 120 160 4.48922 40922
1116 68 120 158 4.49159 41638
1116 20 146 138 4.29309 46954
1116 116 88 182 4.28898 38161
1124 44 130 146 4.35394 40922
1124 12 150 130 4.34503 46954
1124 52 128 162 4.37959 41638
1124 220 1118 184 3.99995 94328
1124 4 148 118 4.17424 41638
1124 20 152 138 4.36081 46954
1124 84 126 170 4.42377 40922
1124 100 250 172 4.36945 39508
1124 124 94 192 4.2711 38161
1132 52 76 182 4.41297 169114
1132 4 152 128 4.36016 46954
1132 76 76 184 4.4114 61023
1132 100 250 210 4.43992 39508
1132 108 250 206 4.43788 39508
1140 44 84 178 4.42509 169114
1140 12 162 138 4.27543 41638
1140 52 84 184 4.42441 169114
1140 4 162 130 4.32381 46954
1140 92 258 206 4.47693 39508
1140 100 258 214 4.47804 39508
1148 132 118 232 4.26991 37046
1148 36 174 154 4.32893 40922
1148 12 178 134 4.30033 41638
1148 60 172 166 4.33219 41638
1148 4 176 136 4.33472 46954
1148 76 266 182 4.27706 39508
1148 100 266 214 4.3112 45383
1156 140 136 242 4.27196 65654
1156 36 184 152 4.37572 40922
1156 76 140 188 4.29718 60630
1156 84 274 194 4.2843 39508
1156 28 186 144 4.35813 41638
1156 116 138 224 4.22478 60630
1164 132 148 234 4.31164 41037
1164 140 134 244 4.24492 33666
1164 148 152 120 4.11119 49556
1164 12 194 126 4.33207 41638
1164 220 190 224 4.24165 59295
1164 4 194 118 4.4075 41638
1164 76 146 190 4.28614 60630
1164 364 170 224 4.23723 43688
1164 108 142 216 4.23487 60630
1164 116 144 224 4.26431 60630
1172 132 156 234 4.31866 60630
1172 12 202 126 4.39721 41638
1172 292 152 190 4.33372 41901
1172 300 150 198 4.31487 41901
1172 124 154 226 4.23717 60630
1180 132 174 234 4.35208 40922
1180 292 158 194 4.30213 41901
1180 308 154 208 4.17467 41901
1180 124 178 226 4.26697 40922
1188 12 222 168 4.29944 169200
1188 212 1168 134 3.76271 128823
1188 276 214 114 4.09914 113710
1188 292 170 190 4.31829 41901
1196 132 192 234 4.3225 40922
1196 260 218 102 4.05077 113710
1196 268 218 108 4.11234 113710
1196 276 222 112 4.09646 113710
1196 316 184 194 4.32697 44864
1196 124 194 228 4.2791 40922
1204 132 200 234 4.35835 40922
1204 148 226 136 4.17319 46895
1204 292 178 168 4.34203 41901
1212 140 1186 350 4.18807 199801
1212 324 176 194 4.38371 47436
1220 36 226 202 4.30868 169200
1220 292 186 170 4.37534 41901
1228 132 274 106 4.24447 52433
1228 140 274 112 4.21271 52433
1228 268 300 106 4.1762 65367
1228 324 192 196 4.36749 47436
1228 28 254 130 4.30224 41976
1236 12 286 138 4.28223 44125
1236 324 200 196 4.37464 47436
1236 332 198 202 4.3706 47436
1236 356 1230 338 4.32014 113896
1236 28 240 190 4.34106 169200
