516 132 604 124 5.831 124
516 36 604 6 5.47022 174
516 156 604 146 5.83621 494
516 164 604 160 5.84712 374
516 172 604 168 5.8434 374
516 44 604 14 5.42335 174
516 180 604 178 5.84905 374
516 188 604 188 5.78551 24
516 196 604 196 5.78134 593
516 204 604 204 5.77939 593
516 52 606 28 5.54217 174
516 212 604 214 5.80549 593
516 220 606 224 5.74424 686
516 60 606 36 5.63792 174
516 244 602 254 5.6757 3
516 252 602 266 5.67366 3
516 68 604 54 5.54188 174
516 276 574 306 5.46803 13
516 284 574 314 5.38805 13
516 292 602 324 5.25698 72
516 76 606 58 5.61094 277
516 84 604 66 5.69801 297
516 348 588 342 4.91015 1936
516 92 604 74 5.71241 151
516 100 604 86 5.71722 493
516 108 604 96 5.7569 559
516 116 604 104 5.79293 494
516 124 604 114 5.84493 124
524 132 614 126 5.77813 374
524 140 612 134 5.77847 242
524 36 614 6 5.72121 121
524 148 612 138 5.78145 494
524 156 612 154 5.81021 374
524 164 612 160 5.79876 374
524 172 612 168 5.80864 374
524 44 614 16 5.72231 121
524 180 612 178 5.8358 374
524 188 614 188 5.75882 0
524 196 612 196 5.79887 0
524 204 612 204 5.76211 10
524 52 614 26 5.69274 180
524 212 612 214 5.79337 1172
524 220 610 222 5.74635 3
524 228 612 234 5.73808 1075
524 236 606 244 5.67831 110
524 60 614 34 5.63524 121
524 244 610 256 5.67833 3
524 252 610 266 5.67655 3
524 68 614 48 5.65404 121
524 276 614 308 5.40981 27
524 284 610 316 5.29585 27
524 292 622 338 5.26377 88
524 300 622 344 5.16404 88
524 76 614 58 5.6632 180
524 84 616 68 5.75319 242
524 340 544 330 4.91346 2417
524 92 614 76 5.75342 124
524 100 614 86 5.77696 121
524 108 614 96 5.74981 121
524 116 614 104 5.81849 242
524 124 614 114 5.81908 242
132 132 220 124 4.86655 2684
132 140 218 134 4.88536 2684
132 148 222 146 4.83977 2684
132 164 220 158 5.02902 4136
132 172 220 164 4.99335 4136
132 180 220 174 4.91078 3320
132 188 218 178 4.87048 4136
132 196 220 190 4.79558 4115
132 4 216 4 4.36998 3901
132 68 120 126 4.41876 7909
132 116 214 114 4.63148 4168
132 124 218 118 4.82313 2684
532 132 622 122 5.79971 414
532 140 622 132 5.81296 414
532 36 622 8 5.72482 121
532 148 620 142 5.72782 494
532 156 622 150 5.81839 374
532 164 622 160 5.80306 374
532 172 622 168 5.82797 374
532 44 622 18 5.70805 121
532 180 622 178 5.81633 374
532 188 622 186 5.8142 4
532 196 622 196 5.80329 4
532 204 622 204 5.76976 10
532 52 622 26 5.69448 317
532 212 622 214 5.78571 1172
532 220 622 224 5.76194 3
532 228 622 234 5.77971 4
532 236 624 244 5.72646 7
532 60 622 34 5.59081 121
532 244 614 250 5.69297 110
532 260 622 276 5.55362 4
532 268 646 298 5.46286 10
532 276 622 308 5.38983 27
532 292 634 338 5.24308 88
532 300 634 346 5.16139 88
532 76 624 54 5.5771 180
532 20 624 2 4.78546 3420
532 92 622 78 5.72742 298
532 100 622 86 5.76483 121
532 108 622 94 5.77872 121
532 28 622 0 5.47978 500
532 116 624 104 5.85367 414
532 124 622 114 5.86909 414
540 140 632 132 5.79624 414
540 36 632 8 5.68713 673
540 148 630 142 5.73453 494
540 156 630 150 5.74454 374
540 164 632 160 5.78806 7
540 172 634 168 5.85081 374
540 44 632 16 5.69574 425
540 180 632 178 5.83537 374
540 188 630 186 5.81252 0
540 196 630 196 5.8272 0
540 204 630 204 5.77345 686
540 52 632 24 5.6965 425
540 212 630 214 5.8003 686
540 220 630 224 5.78719 686
540 228 636 234 5.80429 942
540 60 634 34 5.6106 494
540 244 630 254 5.70125 110
540 252 630 266 5.68544 7
540 260 632 278 5.65642 0
540 68 634 48 5.7226 673
540 276 632 308 5.36821 83
540 284 632 318 5.18833 27
540 84 628 68 5.84209 494
540 92 628 78 5.85308 494
540 108 630 96 5.7367 673
540 28 634 0 5.45063 500
540 116 632 104 5.86833 673
540 124 630 114 5.87109 673
548 132 638 124 5.78905 414
548 140 642 132 5.79794 414
548 36 642 8 5.70988 493
548 148 640 142 5.73933 722
548 156 640 150 5.81902 490
548 164 642 160 5.79657 490
548 172 642 168 5.85372 490
548 44 642 16 5.79409 559
548 180 640 178 5.85668 490
548 188 640 188 5.81441 0
548 196 640 196 5.83189 0
548 204 640 206 5.78412 686
548 52 642 26 5.80422 559
548 212 640 216 5.80478 686
548 220 640 224 5.81393 686
548 228 640 234 5.79469 4
548 236 640 246 5.76726 3
548 60 644 36 5.71899 722
548 268 662 292 5.51873 10
548 68 642 48 5.8039 493
548 276 648 270 5.32146 14
548 292 642 338 5.20363 88
548 76 642 58 5.84476 559
548 84 638 68 5.87654 722
548 92 642 76 5.87033 722
548 100 638 86 5.84327 374
548 108 640 96 5.79668 490
548 28 640 6 5.22152 979
548 116 640 104 5.86778 673
548 124 638 114 5.86492 673
556 132 650 124 5.84014 414
556 140 650 134 5.84454 414
556 36 650 8 5.77422 169
556 148 650 138 5.8412 724
556 156 650 150 5.86293 142
556 164 650 160 5.86424 142
556 172 650 168 5.83403 142
556 44 650 16 5.81339 559
556 180 650 178 5.85176 142
556 188 650 188 5.77877 7
556 196 650 196 5.78367 686
556 204 650 204 5.81188 686
556 52 650 26 5.82101 724
556 212 648 216 5.79723 686
556 220 648 224 5.82958 686
556 228 648 232 5.78958 4
556 60 650 38 5.78128 724
556 252 652 262 5.64383 19
556 260 652 280 5.68027 0
556 268 666 294 5.42404 39
556 68 650 48 5.79036 169
556 276 652 298 5.3034 14
556 284 656 322 5.31241 27
556 76 650 58 5.86593 559
556 84 650 66 5.86129 722
556 364 624 372 4.76105 2959
556 92 650 76 5.86787 722
556 100 648 86 5.80344 724
556 108 650 94 5.88109 142
556 28 650 6 5.50347 544
556 116 650 104 5.87943 142
556 124 650 114 5.844 414
140 132 226 130 5.01457 1752
140 148 228 144 5.02405 1752
140 156 226 152 4.95324 2574
140 180 236 174 5.0272 1752
140 188 234 184 4.95159 4136
140 12 230 8 4.53146 3836
140 4 184 2 4.28717 9505
140 76 126 132 4.41458 7909
140 124 226 118 5.07559 1752
564 36 660 6 5.73507 169
564 148 658 138 5.79452 724
564 156 658 150 5.80934 142
564 164 658 160 5.81849 142
564 172 658 168 5.80877 142
564 44 660 18 5.75666 281
564 180 658 178 5.84989 142
564 188 658 188 5.80302 3
564 196 658 196 5.83137 686
564 204 658 206 5.82509 686
564 52 660 30 5.81645 724
564 212 658 214 5.82493 686
564 220 658 224 5.81312 686
564 228 658 234 5.77353 942
564 236 646 248 5.75223 3
564 60 660 38 5.76583 724
564 260 658 280 5.68008 4
564 68 660 48 5.80967 169
564 276 658 296 5.30133 14
564 76 660 58 5.84219 281
564 84 660 66 5.8498 724
564 92 660 76 5.86525 724
564 100 658 86 5.84594 142
564 108 658 94 5.87152 142
564 116 660 104 5.83624 142
564 124 660 114 5.79689 169
572 132 668 120 5.84842 374
572 140 668 130 5.82352 494
572 36 668 10 5.6737 493
572 148 668 142 5.82867 494
572 156 668 150 5.83918 142
572 164 668 160 5.86028 494
572 172 668 168 5.87573 494
572 44 668 18 5.71582 559
572 180 668 178 5.8644 142
572 188 670 188 5.77629 7
572 196 666 198 5.7492 1608
572 204 668 206 5.79956 1608
572 52 668 30 5.76 494
572 212 668 214 5.68539 1500
572 220 668 224 5.70468 820
572 60 668 38 5.82197 142
572 252 670 272 5.67998 4
572 260 666 280 5.65714 4
572 268 674 294 5.4897 10
572 68 668 50 5.81625 142
572 284 666 322 5.32964 27
572 292 668 328 5.28143 27
572 76 668 58 5.8343 559
572 84 670 66 5.85224 722
572 92 668 76 5.85693 142
572 100 668 86 5.85368 142
572 108 668 94 5.82832 142
572 28 668 6 5.57042 400
572 116 668 104 5.84946 494
36 140 142 138 4.42733 16538
36 36 128 30 4.44165 11058
36 164 134 158 4.98111 9777
36 172 134 166 4.98363 9325
36 180 130 174 4.97932 9325
36 188 134 182 4.84736 9325
36 12 134 2 4.36241 11058
36 196 134 190 4.90962 9325
36 204 134 198 4.92674 9570
36 212 134 206 4.92269 9570
36 220 144 214 4.9572 9202
36 228 146 220 4.92783 9202
36 60 110 50 4.49246 10285
36 244 62 246 4.90858 15317
36 252 58 256 4.93852 14008
36 4 100 0 4.35603 10078
36 260 58 266 4.93295 13066
36 268 58 274 4.98154 13066
36 276 60 282 4.94622 14008
36 300 38 320 4.85888 12337
36 76 106 66 4.53772 11185
36 308 40 342 4.7968 12337
36 316 42 354 4.80923 12337
36 20 134 10 4.42639 11058
36 332 32 370 4.77333 10505
36 348 112 326 4.70634 9583
36 92 40 122 4.30348 9128
36 28 146 40 4.4403 10142
580 140 678 132 5.8497 493
580 36 678 14 5.63257 493
580 148 678 142 5.83435 490
580 156 678 148 5.84489 722
580 164 678 160 5.88131 494
580 172 678 168 5.87565 494
580 180 678 178 5.82375 142
580 188 678 188 5.7247 3
580 196 678 196 5.69198 10
580 204 676 206 5.7242 10
580 52 678 30 5.80634 722
580 212 678 216 5.66059 1075
580 220 678 224 5.66211 1075
580 60 678 38 5.85629 722
580 244 672 256 5.71294 110
580 252 680 270 5.64931 4
580 260 682 282 5.68642 4
580 68 678 48 5.83204 722
580 284 678 322 5.33116 27
580 292 678 330 5.26383 27
580 76 678 58 5.83086 722
580 20 674 0 5.34283 131
580 84 674 66 5.79864 724
580 92 678 76 5.8555 142
580 100 678 84 5.85586 142
580 108 678 94 5.85042 142
580 116 678 104 5.85802 722
580 124 678 112 5.87155 490
588 132 688 120 5.90235 142
588 140 688 132 5.89687 142
588 36 690 16 5.79891 169
588 148 688 138 5.89341 142
588 156 688 148 5.89488 494
588 164 688 160 5.85826 142
588 172 688 168 5.84876 722
588 180 688 178 5.85212 142
588 188 686 186 5.79089 24
588 196 688 198 5.70914 37
588 204 686 206 5.67021 70
588 52 688 30 5.8169 169
588 212 686 216 5.67412 4
588 220 686 226 5.67879 4
588 228 688 234 5.69936 7
588 60 688 38 5.85438 142
588 252 690 270 5.68239 4
588 260 690 282 5.70549 4
588 68 688 48 5.87232 724
588 276 708 304 5.34116 14
588 292 678 312 5.22098 187
588 76 688 56 5.85046 724
588 20 688 2 5.68489 10
588 84 680 68 5.78448 135
588 92 690 74 5.85319 374
588 100 688 84 5.8582 673
588 108 686 94 5.8239 673
588 28 686 6 5.78495 14
588 116 688 104 5.83512 722
588 124 688 112 5.89443 142
148 132 234 126 5.20725 1682
148 140 232 132 5.15827 3010
148 148 232 144 5.04881 1682
148 44 238 48 4.61244 2392
148 180 242 174 5.02146 1752
148 204 240 198 4.81717 4115
148 252 150 258 4.51718 1778
148 4 230 2 4.51065 2738
148 308 142 326 4.79494 2651
148 316 146 332 4.82739 3453
148 348 140 360 4.64826 4885
148 356 138 368 4.60888 4885
148 364 88 362 4.40212 3556
148 100 238 90 4.84691 2392
148 108 238 98 4.83943 2857
148 124 232 118 5.19443 1682
596 132 696 122 5.90101 490
596 140 696 132 5.88825 142
596 36 696 14 5.83293 169
596 148 696 140 5.90027 722
596 156 696 150 5.90197 722
596 164 696 160 5.89345 559
596 172 696 168 5.85015 722
596 44 696 20 5.8295 559
596 180 696 178 5.85864 142
596 188 696 188 5.81795 24
596 196 696 198 5.72827 37
596 204 696 206 5.68395 1608
596 52 698 28 5.8513 722
596 212 698 216 5.66075 473
596 220 696 226 5.6543 155
596 60 696 38 5.85035 142
596 244 698 258 5.67671 24
596 252 698 266 5.67572 24
596 260 696 282 5.68407 37
596 68 696 48 5.87722 722
596 276 678 298 5.34857 62
596 284 694 306 5.31257 34
596 292 702 314 5.26075 184
596 76 696 56 5.88565 722
596 84 698 66 5.79777 722
596 92 698 74 5.86082 374
596 100 696 84 5.85543 673
596 108 696 94 5.85737 673
596 28 698 6 5.7849 14
596 116 696 104 5.82383 722
596 124 696 112 5.90248 490
604 132 706 122 5.9051 490
604 140 706 130 5.88969 493
604 36 708 14 5.87736 169
604 148 706 140 5.88976 722
604 156 706 150 5.8988 722
604 164 706 160 5.87678 559
604 172 706 168 5.84547 722
604 44 706 18 5.87634 169
604 180 708 176 5.77013 142
604 188 706 188 5.78854 69
604 196 706 198 5.72563 98
604 204 706 206 5.70803 1608
604 52 708 28 5.8637 722
604 212 706 214 5.67969 155
604 220 706 226 5.70413 272
604 228 706 236 5.71674 272
604 236 714 246 5.68923 199
604 60 708 36 5.86909 722
604 244 714 258 5.68187 199
604 252 706 272 5.65948 98
604 268 698 290 5.55834 100
604 68 706 46 5.85745 722
604 276 726 306 5.27048 14
604 284 686 306 5.29097 343
604 292 706 314 5.23054 184
604 76 706 56 5.87565 722
604 308 698 322 5.1583 1480
604 84 706 66 5.8141 722
604 92 706 74 5.83075 490
604 100 706 84 5.80954 493
604 108 706 94 5.84453 493
604 28 706 0 5.8276 14
604 116 706 104 5.81069 722
604 124 706 112 5.90412 490
612 132 714 122 5.77087 142
612 140 716 130 5.75371 142
612 36 716 10 5.87713 169
612 148 714 140 5.77169 142
612 156 714 150 5.79334 142
612 164 716 160 5.79569 142
612 172 714 168 5.73946 142
612 44 716 20 5.87061 169
612 180 716 178 5.78418 142
612 188 714 188 5.7266 23
612 196 714 198 5.64117 55
612 204 714 206 5.6569 473
612 52 716 26 5.79959 281
612 212 718 216 5.66955 155
612 220 716 226 5.70983 272
612 228 718 236 5.70106 272
612 236 720 248 5.69184 199
612 60 716 38 5.7946 169
612 244 720 258 5.66156 199
612 252 712 266 5.64036 23
612 260 710 282 5.60181 55
612 68 716 46 5.78032 724
612 276 730 306 5.29937 14
612 292 738 320 5.22952 219
612 76 714 56 5.76955 724
612 84 716 64 5.78923 169
612 92 716 74 5.81427 169
612 100 716 82 5.68884 281
612 108 718 90 5.626 724
612 28 716 0 5.82327 14
612 116 716 102 5.6506 724
612 124 716 114 5.83827 142
620 132 730 116 5.60524 281
620 36 726 6 5.80614 233
620 148 730 126 5.60577 140
620 156 730 146 5.61983 140
620 164 730 158 5.64769 155
620 172 730 168 5.70393 140
620 44 726 16 5.80292 233
620 180 730 176 5.71057 140
620 188 730 188 5.71567 155
620 196 730 194 5.71124 155
620 204 730 208 5.71128 272
620 52 726 26 5.80269 280
620 220 730 222 5.73579 155
620 228 730 234 5.70234 272
620 236 730 248 5.65471 23
620 60 726 34 5.78265 135
620 244 730 258 5.6179 199
620 252 734 270 5.58698 23
620 260 738 278 5.56009 55
620 268 734 294 5.53917 100
620 68 728 44 5.74542 280
620 292 746 318 5.22179 219
620 76 728 54 5.74278 333
620 20 728 0 5.67561 42
620 84 726 64 5.74563 140
620 92 732 70 5.73712 180
620 100 732 78 5.72564 180
620 108 732 88 5.71172 242
620 116 730 98 5.66129 142
620 124 730 108 5.56781 169
156 132 240 126 5.23983 723
156 140 240 134 5.24521 547
156 36 248 38 4.64836 2392
156 148 240 140 5.10482 723
156 12 254 12 4.59298 1445
156 204 234 200 4.96732 1408
156 52 242 50 4.61534 391
156 220 240 216 5.24924 1445
156 228 166 232 5.2686 1655
156 236 166 242 5.21604 1655
156 60 238 58 4.6904 391
156 4 258 4 4.63521 1445
156 260 182 266 5.09966 1655
156 268 184 278 5.04211 1655
156 68 254 78 4.72843 821
156 284 154 306 4.93167 783
156 308 158 322 4.89055 783
156 316 134 344 4.90046 1655
156 332 150 350 4.65404 2651
156 348 146 362 4.6155 4885
156 356 150 368 4.63271 4885
156 108 242 102 4.82343 482
156 116 242 110 5.16297 547
156 124 242 118 5.23167 723
628 36 736 8 5.73178 135
628 172 738 170 5.64646 140
628 44 736 16 5.79859 280
628 180 738 180 5.66488 155
628 188 738 188 5.68572 155
628 196 738 196 5.66045 155
628 204 738 206 5.69318 272
628 52 738 24 5.78514 280
628 212 740 218 5.72597 155
628 220 740 224 5.72067 155
628 228 740 234 5.71777 272
628 236 740 248 5.65085 23
628 60 736 34 5.75249 135
628 244 740 258 5.66212 199
628 252 742 268 5.62245 23
628 68 738 44 5.75046 280
628 276 754 312 5.18975 531
628 284 754 320 5.17353 531
628 76 738 54 5.76089 333
628 20 738 2 5.65914 42
628 84 738 62 5.71791 140
628 92 740 70 5.65106 180
628 100 742 80 5.70045 180
628 108 742 88 5.68706 242
628 116 736 98 5.61423 233
628 124 736 108 5.65974 233
636 140 746 124 5.83645 333
636 36 746 6 5.77984 121
636 148 746 136 5.79891 333
636 156 746 150 5.77779 280
636 164 746 160 5.83501 333
636 172 750 170 5.80342 333
636 44 746 16 5.80806 121
636 180 746 178 5.73874 140
636 188 746 188 5.68285 155
636 196 750 196 5.66873 272
636 204 750 208 5.6887 272
636 52 748 24 5.78512 180
636 212 746 216 5.66327 272
636 220 746 224 5.67596 155
636 228 746 236 5.67863 272
636 60 746 34 5.76952 121
636 244 750 258 5.63408 23
636 252 750 270 5.659 23
636 268 758 296 5.60442 42
636 68 754 42 5.73815 121
636 284 768 320 5.24861 95
636 76 752 52 5.75863 121
636 84 748 64 5.70271 180
636 92 748 72 5.71345 140
636 100 748 82 5.79091 135
636 108 750 92 5.81749 280
636 116 746 100 5.83206 333
636 124 746 110 5.84493 333
644 132 758 122 5.82314 280
644 36 758 6 5.77705 121
644 148 754 138 5.79334 333
644 156 754 144 5.79827 333
644 164 754 160 5.82751 333
644 172 758 168 5.83366 333
644 44 754 16 5.80035 121
644 180 756 176 5.68448 140
644 188 756 188 5.69408 155
644 196 756 196 5.6458 272
644 204 756 206 5.64861 272
644 52 756 24 5.79011 180
644 212 756 216 5.6587 272
644 220 756 226 5.65679 272
644 228 754 236 5.69865 272
644 236 750 246 5.68141 100
644 252 754 270 5.65883 23
644 260 758 280 5.60849 55
644 268 748 294 5.60517 235
644 76 760 52 5.76715 121
644 84 758 64 5.75002 180
644 364 710 350 4.59297 3221
644 92 758 72 5.75335 140
644 100 756 82 5.83624 135
644 108 754 92 5.82175 280
644 116 754 98 5.84088 333
644 124 756 110 5.81958 333
652 140 766 126 5.85439 333
652 36 768 4 5.71986 673
652 148 766 138 5.8318 280
652 156 766 146 5.80913 333
652 164 766 160 5.7986 333
652 172 766 168 5.79378 333
652 44 768 14 5.72316 673
652 180 766 178 5.71737 140
652 188 766 188 5.7232 155
652 196 766 196 5.62153 272
652 204 766 210 5.69601 272
652 52 768 24 5.69606 341
652 212 766 218 5.69681 155
652 220 766 226 5.67788 155
652 228 766 236 5.66907 272
652 236 762 248 5.66074 199
652 60 768 34 5.66635 174
652 244 758 256 5.63578 199
652 252 770 270 5.62959 55
652 260 770 274 5.61652 55
652 268 754 294 5.64738 100
652 68 768 42 5.65686 174
652 292 776 328 5.20669 184
652 76 770 52 5.74111 281
652 84 770 60 5.71443 281
652 92 770 74 5.68734 140
652 100 768 82 5.82082 135
652 108 766 92 5.84004 280
652 116 766 100 5.84287 333
652 124 766 108 5.84183 333
164 132 248 126 5.23349 723
164 140 248 134 5.22452 547
164 148 248 140 5.12566 496
164 156 244 156 5.04718 323
164 164 242 166 4.94771 323
164 196 250 196 4.82153 206
164 204 252 200 4.99675 3156
164 220 248 216 5.23486 1445
164 236 198 238 5.34272 717
164 60 204 96 4.75923 323
164 244 198 248 5.32978 717
164 260 208 264 5.23924 717
164 68 204 106 4.77516 323
164 276 190 290 4.82528 2448
164 284 162 306 4.92988 783
164 292 158 314 4.93728 783
164 300 162 318 4.89638 783
164 308 166 322 4.96438 783
164 316 142 344 4.88681 1655
164 84 246 94 4.90774 717
164 348 158 362 4.60063 3384
164 356 154 368 4.53053 3384
164 364 148 354 4.53399 3134
164 92 248 86 4.86388 2040
164 100 252 94 4.88575 206
164 108 250 100 5.03352 1249
164 124 250 118 5.23819 723
660 132 776 122 5.81734 333
660 140 774 126 5.82147 333
660 36 780 2 5.71323 174
660 148 776 140 5.81141 280
660 156 776 150 5.73824 333
660 164 776 160 5.74197 333
660 172 774 170 5.73553 333
660 44 780 12 5.74353 174
660 180 776 178 5.72197 140
660 188 776 188 5.70481 155
660 196 776 198 5.67887 155
660 204 776 210 5.66051 272
660 52 780 20 5.71405 341
660 212 776 218 5.6736 155
660 220 774 226 5.68941 155
660 228 776 236 5.66372 272
660 236 766 246 5.67183 199
660 60 780 30 5.6954 174
660 252 778 270 5.64484 55
660 68 780 40 5.66703 233
660 284 762 320 5.32846 531
660 292 774 330 5.15634 219
660 76 780 50 5.73637 281
660 84 778 60 5.72091 281
660 92 776 72 5.74811 140
660 100 776 82 5.81506 135
660 108 776 92 5.82313 280
660 116 776 100 5.81466 333
660 124 776 110 5.80715 333
668 132 786 118 5.78458 333
668 140 788 124 5.81808 333
668 36 788 2 5.75348 174
668 148 786 140 5.77275 140
668 156 788 150 5.74025 333
668 164 788 160 5.79576 333
668 172 786 168 5.77629 333
668 44 788 12 5.74708 174
668 180 786 178 5.68091 142
668 188 786 188 5.68964 272
668 196 788 198 5.67316 155
668 204 786 208 5.68884 155
668 52 788 20 5.72953 341
668 212 786 220 5.709 155
668 220 786 228 5.71263 155
668 228 786 238 5.67992 272
668 236 774 250 5.65286 55
668 60 788 30 5.70365 174
668 268 766 294 5.64063 100
668 68 790 40 5.72217 135
668 76 790 50 5.75599 140
668 20 794 0 4.89718 1089
668 84 790 60 5.7571 140
668 356 776 360 4.70382 3210
668 92 788 70 5.66722 135
668 100 786 82 5.70475 135
668 108 788 90 5.75784 280
668 116 788 98 5.7897 333
668 124 788 110 5.78996 333
676 132 798 118 5.80613 333
676 140 798 122 5.79147 333
676 36 800 0 5.61843 233
676 148 798 140 5.7559 140
676 156 798 146 5.67868 333
676 164 796 160 5.79435 333
676 172 798 168 5.7763 333
676 44 800 12 5.70706 277
676 180 798 176 5.61127 142
676 188 798 188 5.68677 272
676 196 798 198 5.70161 155
676 204 794 208 5.67666 155
676 52 800 20 5.74857 277
676 212 796 218 5.70694 155
676 220 796 228 5.68014 155
676 228 796 236 5.66816 272
676 236 784 250 5.67545 55
676 60 800 30 5.67326 277
676 244 782 258 5.63994 55
676 252 784 268 5.63411 55
676 260 786 274 5.62701 55
676 268 774 294 5.63629 100
676 68 798 40 5.76804 174
676 284 786 320 5.31636 531
676 76 798 50 5.78821 140
676 84 798 62 5.75765 140
676 92 798 70 5.71095 174
676 100 798 80 5.71326 135
676 108 798 90 5.74545 280
676 116 798 98 5.80233 333
676 124 798 110 5.8115 333
684 132 808 122 5.81705 333
684 140 808 130 5.82215 333
684 36 810 0 5.67521 121
684 148 808 142 5.80053 140
684 156 808 146 5.78514 333
684 164 808 160 5.78276 333
684 172 808 170 5.7558 333
684 44 808 12 5.76799 180
684 180 806 180 5.57258 208
684 188 806 188 5.679 440
684 196 806 198 5.65411 440
684 204 806 208 5.6395 208
684 52 808 20 5.77516 121
684 212 806 218 5.62757 208
684 220 806 226 5.63035 208
684 228 806 238 5.6436 399
684 60 808 30 5.80718 140
684 244 790 258 5.58646 79
684 252 794 270 5.57287 79
684 260 796 274 5.61021 79
684 68 806 40 5.80474 140
684 292 802 330 5.10454 219
684 76 812 50 5.78578 140
684 92 808 72 5.71756 174
684 100 808 80 5.73616 233
684 108 808 90 5.76769 280
684 116 808 100 5.84736 333
684 124 808 110 5.84552 333
172 132 258 126 5.22188 547
172 140 256 134 5.23403 723
172 36 246 34 4.56193 391
172 148 256 142 5.22637 723
172 156 258 150 5.16195 821
172 44 214 74 4.79926 323
172 188 250 180 4.83607 1372
172 196 260 198 4.94119 206
172 204 258 200 5.06181 1408
172 212 258 208 5.1812 986
172 236 210 240 5.34242 717
172 60 214 98 4.81789 323
172 244 210 248 5.33644 717
172 4 266 2 4.56788 1445
172 260 216 264 5.18693 717
172 68 212 104 4.80978 323
172 284 170 306 4.92069 783
172 300 168 320 4.96669 783
172 76 212 56 4.79087 2684
172 316 156 346 4.75577 1655
172 20 254 22 4.7362 1408
172 364 158 354 4.50319 3134
172 100 258 94 5.06356 316
172 108 260 102 5.1685 482
172 116 260 110 5.19664 339
172 124 258 118 5.21256 496
692 132 816 122 5.80355 333
692 140 816 128 5.80142 333
692 36 820 0 5.65617 121
692 148 816 140 5.79054 140
692 164 816 160 5.78403 333
692 44 820 12 5.71273 277
692 180 812 182 5.23137 16
692 204 808 208 5.41145 240
692 212 812 218 5.42114 240
692 228 812 236 5.36176 42
692 60 818 30 5.77062 140
692 268 802 294 5.51317 42
692 68 814 40 5.79925 140
692 76 820 50 5.79054 140
692 84 820 58 5.78565 140
692 356 738 340 4.85113 3295
692 108 816 92 5.68486 280
692 116 816 100 5.84343 333
692 124 816 110 5.83604 333
700 140 826 118 5.5404 297
700 36 830 4 5.70755 121
700 148 826 140 5.42981 389
700 156 826 144 5.51808 174
700 164 824 160 5.54533 297
700 44 830 12 5.77637 180
700 196 816 210 5.09884 19
700 52 830 20 5.78713 180
700 212 816 246 4.82772 5
700 220 802 258 4.94399 52
700 60 830 30 5.78155 180
700 68 830 38 5.79326 180
700 76 828 50 5.75089 121
700 84 828 62 5.70352 124
700 340 800 346 4.79913 3372
700 356 750 340 4.71135 3316
700 92 828 70 5.69663 174
700 100 826 80 5.50743 180
700 116 826 100 5.71193 297
44 140 142 126 4.34009 12573
44 172 142 166 4.65585 9202
44 180 142 174 4.79807 9202
44 188 142 182 4.82029 9202
44 12 150 26 4.43867 11198
44 204 144 198 4.85838 9570
44 52 108 26 4.38064 11354
44 212 142 206 4.92178 9570
44 220 64 220 4.97279 14008
44 228 64 226 4.94954 14008
44 244 70 246 4.93053 15317
44 252 68 256 4.94645 14008
44 260 64 266 5.02444 12137
44 268 64 274 5.02571 12137
44 68 98 54 4.46662 10846
44 276 70 282 4.96229 14008
44 284 70 290 4.95652 13066
44 292 64 306 4.89949 12651
44 76 112 66 4.51917 11185
44 308 50 342 4.84952 12337
44 316 50 354 4.81624 12337
44 332 40 372 4.74866 12337
44 84 110 74 4.52935 11185
44 348 114 328 4.64259 9855
44 364 96 358 4.40507 13074
44 28 78 2 4.43078 9175
708 132 838 122 5.31853 1835
708 36 842 2 5.70461 121
708 156 826 158 5.44817 180
708 164 838 162 5.44429 242
708 172 842 166 5.47438 242
708 44 842 12 5.75941 180
708 52 842 20 5.77752 180
708 60 842 28 5.77936 180
708 68 838 38 5.79541 180
708 76 838 50 5.75555 121
708 84 838 62 5.73177 124
708 92 838 70 5.63459 121
708 100 834 80 5.4536 180
708 108 830 94 5.59158 124
708 116 840 100 5.66603 242
716 132 850 114 5.49549 770
716 140 848 126 5.51112 1115
716 156 852 144 5.53363 1115
716 164 850 160 5.65364 1115
716 172 850 170 5.63483 1115
716 44 852 12 5.70782 770
716 188 854 178 4.71959 2750
716 52 852 20 5.70299 770
716 212 832 242 4.78537 33
716 220 830 248 4.94249 5
716 60 852 28 5.72417 770
716 68 852 38 5.73862 770
716 76 850 50 5.72252 598
716 84 850 60 5.67039 1539
716 92 846 68 5.47426 263
716 100 854 76 5.299 770
716 108 850 94 5.40717 770
716 116 848 100 5.73033 1115
716 124 848 108 5.67905 1115
180 132 266 126 5.23165 547
180 140 264 134 5.23454 226
180 36 256 34 4.73535 391
180 148 264 142 5.22683 226
180 156 266 150 5.20809 543
180 164 264 162 5.08219 441
180 172 262 168 5.00443 543
180 180 262 176 4.99616 226
180 12 264 16 4.76615 1408
180 196 268 190 5.04358 206
180 204 268 198 5.01862 3156
180 236 218 240 5.34467 717
180 60 284 76 4.7405 496
180 244 218 248 5.34103 717
180 252 232 254 5.29572 316
180 4 288 6 4.83042 2738
180 268 206 278 5.10199 1655
180 68 220 46 4.76764 2684
180 292 174 318 4.91029 2040
180 300 164 330 4.90022 2448
180 308 174 328 4.92711 783
180 316 186 346 4.6723 1117
180 20 262 22 4.72873 1408
180 332 202 372 4.7212 1303
180 356 198 348 4.54603 2893
180 364 162 362 4.56345 3134
180 92 274 86 4.85142 226
180 100 264 94 4.93669 316
180 108 266 102 5.17424 482
180 116 266 110 5.16121 547
180 124 264 118 5.19545 723
724 140 858 126 5.70452 1489
724 36 860 0 5.70178 716
724 148 858 138 5.65067 769
724 156 858 146 5.5756 1489
724 164 858 160 5.63654 1489
724 172 858 170 5.64112 1489
724 44 860 10 5.7246 770
724 180 858 180 5.63324 612
724 196 858 196 5.08591 2373
724 52 860 20 5.71633 770
724 60 860 28 5.69714 770
724 68 862 38 5.72675 770
724 76 862 48 5.72633 598
724 84 860 56 5.63212 770
724 92 862 70 5.54314 598
724 116 858 100 5.70025 1115
724 124 858 108 5.721 1115
732 132 870 120 5.65486 883
732 140 870 132 5.65971 883
732 148 870 140 5.63637 883
732 156 870 150 5.57203 883
732 164 868 160 5.66557 1115
732 172 868 170 5.6773 1115
732 44 872 6 5.61933 770
732 180 870 180 5.63625 612
732 188 872 190 5.31041 1066
732 52 872 20 5.65362 1331
732 60 874 28 5.67696 1331
732 68 872 40 5.66386 1331
732 76 870 50 5.65718 1331
732 84 870 58 5.64085 883
732 92 870 70 5.59351 598
732 100 870 80 5.69341 673
732 108 870 90 5.66132 673
732 116 870 100 5.68293 673
732 124 870 110 5.66993 673
740 132 880 120 5.71226 2282
740 140 880 128 5.69137 2282
740 36 880 0 5.62432 598
740 148 880 140 5.70336 2282
740 156 880 150 5.70951 2282
740 164 880 160 5.71896 2871
740 172 878 170 5.66697 1331
740 44 882 8 5.67339 770
740 180 880 180 5.57291 612
740 188 880 190 5.42104 1564
740 196 886 198 5.47271 1564
740 204 884 208 5.42156 1564
740 52 882 20 5.67398 902
740 212 886 218 5.36627 1375
740 60 884 28 5.67365 902
740 68 882 38 5.65238 1331
740 76 882 48 5.67469 1331
740 308 1000 354 4.67338 829
740 84 880 60 5.65942 708
740 348 798 338 4.89762 2267
740 92 880 70 5.65914 708
740 100 880 80 5.69091 673
740 108 880 90 5.67607 673
740 116 880 100 5.66392 673
740 124 880 110 5.70868 673
748 132 890 118 5.74767 1144
748 140 890 130 5.71776 1144
748 36 894 0 5.5578 1144
748 148 890 140 5.78167 1144
748 156 892 150 5.76578 1144
748 164 890 160 5.76705 1585
748 172 892 170 5.69085 1115
748 44 890 10 5.66379 1585
748 180 890 180 5.57975 373
748 188 892 190 5.40866 1066
748 196 892 200 5.45581 1564
748 204 892 210 5.49129 1564
748 52 892 20 5.70572 1094
748 212 892 220 5.41978 1595
748 220 894 228 5.35291 1066
748 228 898 234 4.84387 816
748 60 892 30 5.70227 1094
748 68 892 40 5.73905 1094
748 292 990 314 4.65479 96
748 76 890 48 5.72463 1094
748 84 890 62 5.68159 1585
748 92 890 70 5.68848 1094
748 100 892 80 5.74396 1144
748 108 892 88 5.71807 1144
748 116 890 100 5.73302 1144
748 124 890 110 5.68858 1144
188 132 274 126 5.1593 339
188 140 274 134 5.2256 226
188 36 286 36 4.73774 152
188 148 272 142 5.23005 226
188 156 274 152 5.18153 543
188 164 274 160 5.13139 441
188 44 286 42 4.78379 286
188 180 274 174 5.02315 821
188 188 274 184 5.13652 821
188 12 290 14 4.77222 1445
188 196 274 192 5.09502 1117
188 204 278 200 5.08909 3156
188 228 258 222 5.26403 1445
188 236 224 240 5.34038 717
188 244 224 248 5.34094 717
188 268 222 278 5.08143 1655
188 68 288 64 4.83032 140
188 284 186 306 4.84594 2040
188 292 182 318 4.91233 2040
188 308 194 328 4.71321 554
188 20 286 22 4.75489 1445
188 324 206 364 4.82691 1303
188 84 272 106 4.85663 717
188 364 172 360 4.59272 3134
188 92 282 88 4.98777 140
188 100 280 96 5.02533 140
188 108 274 102 5.14405 1249
188 116 276 112 5.113 1249
756 132 900 120 5.75058 1144
756 140 900 130 5.73137 1144
756 36 902 0 5.63669 708
756 148 902 140 5.7878 1144
756 156 902 150 5.7943 1144
756 164 902 160 5.75919 1585
756 172 902 170 5.68219 1115
756 44 904 12 5.66946 1531
756 180 902 182 5.56039 612
756 188 902 190 5.40319 1564
756 196 900 200 5.41499 1815
756 204 900 210 5.47231 1815
756 52 902 20 5.69132 1094
756 212 902 220 5.46202 1375
756 220 902 230 5.45116 1784
756 228 906 240 4.94871 2181
756 60 900 30 5.67042 1094
756 68 902 40 5.71301 1094
756 76 900 48 5.729 1094
756 84 902 60 5.68883 1585
756 92 902 68 5.62592 1094
756 100 900 80 5.73289 1144
756 108 902 88 5.719 1144
756 116 902 100 5.70758 1144
756 124 902 110 5.73348 1144
764 132 910 118 5.81611 1144
764 140 910 130 5.81834 1144
764 36 912 0 5.65097 708
764 148 910 140 5.82945 1144
764 156 910 146 5.83395 1144
764 164 910 160 5.72399 1585
764 172 910 168 5.65593 1115
764 44 912 10 5.70931 1585
764 180 910 180 5.62967 373
764 188 910 190 5.48038 1815
764 196 910 200 5.46238 1815
764 204 914 210 5.53007 1815
764 52 912 20 5.68988 1094
764 212 912 220 5.50338 1066
764 220 912 230 5.50324 1066
764 228 914 240 5.3914 1282
764 236 918 250 5.2994 2308
764 60 912 30 5.67498 1094
764 244 920 262 5.14588 815
764 252 914 274 5.03265 407
764 268 938 298 4.96181 796
764 68 918 38 5.73427 1149
764 76 914 48 5.73006 1149
764 100 912 78 5.81687 1144
764 108 912 88 5.81419 1144
764 116 912 106 5.81486 1144
764 124 910 110 5.81343 1144
12 140 138 146 4.35139 13501
12 36 96 46 4.40308 10181
12 148 102 154 4.40446 12552
12 164 112 158 5.01059 9777
12 172 112 166 5.11559 9325
12 44 112 58 4.51039 10072
12 180 112 174 5.11497 9325
12 188 112 182 5.10554 9325
12 196 112 190 5.10936 9325
12 204 112 198 4.98678 9325
12 212 112 204 4.95119 9325
12 220 44 218 4.95312 13645
12 228 112 222 4.92415 9325
12 236 46 234 4.83947 13645
12 60 122 66 4.47375 9986
12 244 42 248 4.95615 12137
12 252 36 256 4.95221 14570
12 4 128 18 4.38059 10079
12 260 30 266 4.85398 13645
12 268 28 274 4.97135 12651
12 68 122 76 4.50225 9986
12 276 28 282 4.92798 12651
12 284 26 294 4.89547 12137
12 292 22 312 4.87778 14570
12 300 18 320 4.84767 14570
12 76 84 70 4.50548 10285
12 308 8 328 4.80893 11601
12 84 84 74 4.4278 10285
12 100 64 158 4.10435 9378
12 28 72 34 4.46719 10078
12 124 34 120 4.27177 12481
772 132 920 122 5.81309 1144
772 140 920 128 5.80154 1144
772 36 922 0 5.36616 1144
772 148 920 142 5.83054 1144
772 156 920 150 5.83128 1144
772 164 920 160 5.79462 1585
772 172 920 170 5.69838 1115
772 44 922 8 5.64406 1531
772 180 920 180 5.54988 373
772 188 918 188 5.4894 1815
772 196 922 200 5.4719 1815
772 204 922 210 5.51057 1815
772 52 920 20 5.68699 1094
772 212 924 220 5.49087 1595
772 220 922 230 5.43071 1066
772 228 922 240 5.39859 1282
772 236 922 250 5.26444 2308
772 60 920 30 5.66189 1094
772 244 930 262 5.14241 815
772 68 922 38 5.73689 1149
772 76 924 48 5.7479 1149
772 84 914 62 5.70297 1094
772 92 920 70 5.75799 1585
772 100 920 78 5.81897 1144
772 108 920 90 5.78922 1144
772 124 920 110 5.79346 1144
780 132 936 110 5.5981 711
780 36 936 0 5.31054 711
780 156 930 152 5.69506 1531
780 164 930 160 5.77103 1531
780 172 936 170 5.73422 1331
780 44 934 8 5.70057 770
780 180 932 180 5.59611 612
780 188 934 190 5.51515 1815
780 196 936 200 5.49245 1815
780 204 934 210 5.51365 1815
780 52 934 18 5.71138 770
780 212 934 220 5.46245 1595
780 220 936 230 5.39108 1066
780 228 934 240 5.34626 1282
780 236 934 250 5.21517 2308
780 60 934 30 5.64467 770
780 244 948 264 4.98882 1194
780 68 934 38 5.75972 1144
780 76 932 48 5.75045 1149
780 84 934 60 5.72051 1115
780 92 934 70 5.77244 770
780 100 930 80 5.78403 1144
780 124 930 98 5.65945 1144
196 132 290 128 5.0994 226
196 36 288 24 4.79357 320
196 148 280 142 5.13049 574
196 156 286 150 5.08224 151
196 164 286 160 5.17997 297
196 180 282 176 5.13889 151
196 188 282 184 5.18862 689
196 204 222 198 4.98017 717
196 212 234 214 5.11946 1303
196 60 294 58 4.87834 151
196 244 248 246 5.36143 446
196 252 246 256 5.22598 316
196 4 296 8 4.80647 1445
196 268 226 278 5.12286 1655
196 276 222 290 4.91728 595
196 284 206 302 4.7292 339
196 300 218 336 4.75914 717
196 308 200 326 4.71279 554
196 20 296 22 4.77 1445
196 324 210 364 4.73156 1639
196 84 290 82 4.95597 297
196 92 288 88 5.0181 140
196 100 288 96 5.05851 140
196 116 284 110 4.94394 574
196 124 288 118 5.07713 226
788 132 942 112 5.64178 1531
788 140 948 128 5.68118 1531
788 36 950 0 5.38686 1144
788 156 946 152 5.71603 1531
788 164 944 160 5.7613 1531
788 172 946 170 5.72145 1331
788 44 944 10 5.70903 770
788 180 946 178 5.60679 1161
788 188 946 190 5.48969 1815
788 196 944 200 5.55126 1815
788 204 944 210 5.51207 1815
788 52 944 18 5.71867 770
788 212 944 220 5.46302 1595
788 220 944 228 5.41879 1066
788 228 942 242 5.25563 1282
788 236 946 246 5.08261 2308
788 60 942 30 5.65397 770
788 260 812 258 4.89219 1095
788 268 812 264 4.83604 7480
788 68 942 38 5.76057 1144
788 300 810 294 4.94659 1146
788 76 942 48 5.74979 1144
788 308 810 300 4.9147 6146
788 316 810 304 4.90565 1146
788 324 810 318 4.94022 6146
788 332 810 326 4.88965 716
788 84 942 60 5.68327 1115
788 340 810 330 4.87477 362
788 92 942 70 5.76975 770
788 100 936 78 5.77607 1144
788 108 934 90 5.76588 1144
788 124 936 98 5.62402 1144
796 140 954 130 5.73623 420
796 36 954 0 5.38426 420
796 148 954 138 5.76707 420
796 156 950 144 5.73329 420
796 164 954 160 5.77512 643
796 44 954 10 5.70845 643
796 180 954 180 5.59213 2066
796 188 954 190 5.49116 983
796 196 954 200 5.17422 2116
796 52 956 18 5.72998 643
796 236 818 238 4.86718 974
796 60 954 30 5.64998 643
796 252 820 248 4.89891 1095
796 260 822 256 4.90078 1095
796 268 820 264 4.81234 7480
796 68 954 38 5.79708 420
796 284 822 280 4.63306 5709
796 292 816 290 4.90413 1146
796 300 818 296 4.92651 1146
796 76 954 48 5.77193 420
796 316 820 306 4.85664 6146
796 324 820 318 4.87263 6146
796 84 954 60 5.74253 420
796 340 816 326 4.89925 362
796 348 816 334 4.90591 362
796 356 820 350 4.66045 3164
796 364 822 356 4.65211 3164
796 92 954 70 5.77675 420
796 100 950 80 5.8187 420
796 108 950 90 5.79059 420
796 116 954 102 5.7261 420
796 124 956 108 5.79565 420
804 140 964 130 5.79742 420
804 36 966 0 5.54362 362
804 148 962 136 5.7826 420
804 156 962 144 5.79277 420
804 164 962 160 5.77845 643
804 44 966 8 5.70285 643
804 52 964 18 5.74357 643
804 220 822 226 4.87006 974
804 228 824 230 4.87043 974
804 236 824 240 4.84711 974
804 60 966 28 5.66449 643
804 260 828 256 4.90159 770
804 268 836 268 4.59891 1095
804 68 962 38 5.80061 420
804 276 836 278 4.61812 1095
804 76 964 48 5.79163 420
804 308 830 302 4.90776 1146
804 316 830 308 4.86713 1146
804 324 828 318 4.86282 6146
804 332 830 326 4.59378 169
804 84 964 60 5.77174 420
804 340 824 332 4.75015 169
804 348 824 338 4.70031 169
804 364 830 356 4.74692 7777
804 92 966 70 5.79517 420
804 100 962 80 5.81337 420
804 108 962 90 5.81422 420
804 116 964 98 5.8076 420
804 124 962 110 5.80661 420
812 132 974 118 5.79139 420
812 140 974 128 5.78592 420
812 36 974 0 5.56601 1144
812 148 974 140 5.77428 420
812 156 974 150 5.77477 420
812 164 972 160 5.70321 1531
812 172 976 162 5.2903 1149
812 44 976 8 5.79492 1585
812 180 986 168 5.0491 947
812 196 830 196 4.78861 781
812 204 832 204 4.83956 770
812 52 974 18 5.7755 1585
812 220 832 220 4.88742 770
812 228 832 230 4.87334 770
812 236 832 234 4.78522 974
812 60 976 28 5.77097 1585
812 252 836 248 4.73762 6146
812 260 838 256 4.50967 6146
812 68 974 38 5.80476 1585
812 276 844 274 4.65575 1095
812 292 848 290 4.78575 770
812 300 842 302 4.71531 217
812 76 982 48 5.79941 1144
812 308 838 302 4.88037 1146
812 316 838 310 4.88192 1146
812 324 838 318 4.85123 6146
812 332 840 344 4.67568 1210
812 84 974 60 5.73024 362
812 356 838 350 4.67782 3285
812 364 840 356 4.7655 7777
812 92 974 70 5.76724 1585
812 100 974 78 5.80467 420
812 108 974 88 5.79656 420
812 116 974 102 5.78405 420
812 124 974 110 5.79406 420
204 132 298 126 5.17862 242
204 148 298 142 5.1746 180
204 172 294 168 5.2674 242
204 44 302 44 4.78215 277
204 180 292 176 5.171 124
204 196 290 186 5.08777 717
204 204 266 200 4.90508 1408
204 228 258 226 5.33568 316
204 236 254 238 5.36417 446
204 60 302 54 4.89726 124
204 244 256 246 5.36203 446
204 260 238 268 5.10628 717
204 268 238 278 5.11515 1655
204 68 300 64 4.90316 124
204 276 242 290 4.93116 446
204 292 214 294 4.74485 379
204 316 224 350 4.72856 717
204 84 298 80 4.9835 242
204 92 298 90 4.97516 124
204 100 296 96 5.09041 121
204 108 298 104 5.19959 180
204 28 302 26 4.61752 712
204 116 296 112 5.18164 180
820 132 984 118 5.78205 420
820 140 984 130 5.79835 420
820 36 986 0 5.68879 1144
820 148 984 142 5.78835 420
820 156 984 146 5.79832 420
820 164 984 158 5.65382 643
820 172 986 166 5.31528 1149
820 44 984 8 5.79653 1585
820 188 834 188 4.78668 217
820 196 834 196 4.81336 217
820 52 984 18 5.75252 1585
820 212 838 212 4.87528 974
820 220 840 220 4.84799 770
820 228 840 228 4.84343 770
820 236 842 234 4.83435 974
820 60 984 28 5.75901 1585
820 244 844 242 4.73816 332
820 252 844 254 4.6706 5663
820 260 846 258 4.80014 5663
820 68 988 38 5.81044 1144
820 276 854 272 4.49577 5663
820 284 858 286 4.76637 770
820 300 850 298 4.77243 217
820 76 986 48 5.79702 1144
820 324 848 338 4.76881 1210
820 332 848 346 4.75999 1210
820 348 852 358 4.62476 5663
820 364 842 360 4.4228 3164
820 92 984 70 5.76482 1585
820 100 984 78 5.78972 420
820 108 984 88 5.77768 420
820 116 984 98 5.79311 420
820 124 984 108 5.804 420
828 132 996 120 5.73985 420
828 140 996 128 5.70085 420
828 156 998 150 5.74695 420
828 164 1000 158 5.63045 643
828 44 996 6 5.77864 1585
828 188 840 188 4.82494 217
828 204 846 202 4.88402 770
828 52 996 18 5.77266 1585
828 212 846 210 4.91984 770
828 228 848 226 4.80863 770
828 236 850 234 4.748 5663
828 60 998 28 5.8092 1585
828 244 850 250 4.63538 5663
828 260 850 256 4.75562 3164
828 268 854 264 4.82308 5663
828 68 1002 38 5.81425 1585
828 292 860 292 4.77905 3285
828 76 994 48 5.8153 1585
828 308 856 306 4.84111 2498
828 316 854 310 4.78323 2498
828 324 856 338 4.70174 1210
828 332 858 346 4.73531 1210
828 84 994 58 5.78444 1585
828 340 860 352 4.66115 5663
828 92 994 70 5.7377 1585
828 100 996 78 5.78416 420
828 108 996 88 5.76831 420
828 116 996 100 5.75874 420
828 124 994 108 5.76091 420
52 36 142 30 4.48329 11072
52 148 42 158 4.26582 12655
52 156 146 144 4.50804 10986
52 164 142 154 4.52245 10986
52 172 146 166 4.79636 9570
52 180 146 174 4.79065 9570
52 212 60 212 4.86274 16237
52 252 74 256 4.91261 13645
52 260 74 266 5.01369 12137
52 268 74 276 5.01449 12137
52 276 74 282 4.98708 14008
52 284 74 288 4.91 13066
52 308 62 342 4.74836 14570
52 316 60 354 4.74702 14570
52 20 142 6 4.43482 11072
52 84 166 98 4.47398 11187
52 348 86 330 4.66252 12254
52 356 82 336 4.64315 12254
52 92 164 104 4.53845 11187
52 28 144 22 4.5092 11072
836 132 1006 118 5.86165 362
836 140 1006 130 5.85672 362
836 148 1006 146 5.85752 362
836 164 1006 160 5.79317 635
836 172 1006 170 5.54319 902
836 44 1006 6 5.80858 1585
836 180 1006 182 4.90904 217
836 196 848 194 4.87937 618
836 204 852 202 4.92777 770
836 52 1006 18 5.80384 1585
836 212 854 210 4.93009 770
836 220 854 218 4.80304 1896
836 228 858 226 4.79719 770
836 60 1008 28 5.7824 1585
836 244 858 238 4.79077 5663
836 252 862 246 4.79313 5663
836 260 864 254 4.82668 5663
836 268 864 262 4.87142 5663
836 276 866 268 4.86395 217
836 284 866 278 4.81604 5663
836 76 1006 48 5.82416 1585
836 308 866 296 4.81813 3229
836 316 866 310 4.81163 2498
836 324 864 336 4.81411 1210
836 332 864 346 4.71033 1210
836 84 1006 58 5.82624 1585
836 348 862 360 4.52513 3164
836 356 870 352 4.58895 3229
836 364 870 360 4.57739 3229
836 92 1006 68 5.79856 362
836 100 1006 78 5.78306 420
836 108 1006 88 5.77997 420
836 116 1006 100 5.82638 362
836 124 1006 108 5.80541 362
844 140 1014 126 5.85845 362
844 148 1014 142 5.85663 362
844 156 1014 152 5.85015 362
844 164 1014 160 5.79861 635
844 172 1014 170 5.69269 902
844 44 1016 6 5.75004 1316
844 180 1016 180 5.46658 909
844 204 860 202 4.9171 1143
844 52 1014 18 5.76206 1316
844 212 860 208 4.89442 1143
844 220 862 216 4.77834 1658
844 228 864 224 4.84757 1658
844 60 1022 26 5.73476 1585
844 244 868 238 4.74885 5663
844 252 868 246 4.78323 5663
844 268 874 260 4.89037 5663
844 68 1018 38 5.7594 1144
844 276 872 268 4.82433 217
844 284 872 276 4.78585 5663
844 292 872 282 4.69544 3164
844 300 872 292 4.80183 4125
844 76 1016 48 5.80664 1531
844 308 874 298 4.83251 3229
844 316 874 304 4.83964 3229
844 324 872 314 4.74648 2526
844 332 874 336 4.69965 3164
844 84 1014 58 5.80287 1531
844 356 874 348 4.63526 3682
844 364 874 354 4.70577 3682
844 92 1016 70 5.75933 362
844 100 1016 78 5.80983 1144
844 108 1014 88 5.8379 1144
844 116 1014 98 5.81168 1144
844 124 1014 112 5.8532 1585
212 132 304 128 5.07183 242
212 140 304 136 5.14285 242
212 36 308 34 4.68613 555
212 148 308 146 5.07076 242
212 156 296 150 5.11212 317
212 164 298 160 5.28115 414
212 172 300 168 5.28826 414
212 188 300 182 5.0338 821
212 52 306 56 4.83751 317
212 220 268 216 5.31177 446
212 228 266 226 5.34616 446
212 236 266 238 5.36024 446
212 60 308 54 4.89413 124
212 252 262 256 5.27691 316
212 260 250 268 5.02652 1655
212 268 248 278 5.12786 1655
212 68 308 66 4.89753 124
212 300 234 336 4.76053 717
212 308 208 328 4.70213 783
212 20 306 18 4.81096 1445
212 356 172 342 4.36379 3266
212 92 304 88 5.02394 298
212 100 306 96 5.11797 121
212 108 304 104 5.17737 180
212 28 308 28 4.7597 555
852 132 1026 118 5.84485 420
852 140 1026 130 5.84572 420
852 148 1028 142 5.83839 362
852 156 1026 150 5.84281 420
852 164 1026 160 5.78761 643
852 172 1026 170 5.73978 902
852 44 1028 6 5.78173 1316
852 180 1026 182 5.56363 217
852 188 1026 190 5.20132 1764
852 196 866 192 4.92185 1896
852 204 866 200 4.90075 1896
852 52 1030 18 5.77464 1316
852 220 870 216 4.8374 1658
852 228 872 224 4.83931 1658
852 60 1028 26 5.72343 902
852 244 876 238 4.74066 7648
852 252 876 244 4.76066 7648
852 260 878 250 4.71192 7648
852 68 1024 38 5.76419 1144
852 276 880 274 4.50873 3164
852 300 880 290 4.88844 3229
852 76 1026 48 5.79559 1585
852 308 882 298 4.87336 2526
852 316 884 306 4.70317 3229
852 84 1028 58 5.72234 362
852 348 884 334 4.54258 2456
852 356 884 346 4.53261 3682
852 364 880 352 4.64584 7335
852 92 1028 70 5.78325 1531
852 100 1026 78 5.81149 1144
852 108 1026 90 5.83171 1144
852 116 1026 98 5.82603 1144
852 124 1026 110 5.83833 1585
860 132 1038 126 5.83323 362
860 140 1038 138 5.83293 362
860 156 1036 148 5.82016 362
860 164 1036 160 5.77509 635
860 172 1036 170 5.71583 902
860 44 1038 8 5.77327 1316
860 180 1036 182 5.5619 217
860 188 1036 190 5.17837 1764
860 196 1046 202 4.7782 1393
860 52 1038 18 5.77594 1316
860 212 876 208 4.84106 635
860 228 876 218 4.73334 217
860 60 1036 28 5.73979 902
860 244 882 236 4.82188 1961
860 252 884 244 4.85564 804
860 260 886 250 4.84469 3164
860 268 886 258 4.89447 3164
860 68 1038 38 5.76326 1144
860 284 882 270 4.64554 3164
860 292 888 282 4.911 3229
860 300 886 286 4.91363 3229
860 76 1038 48 5.80597 1585
860 308 894 300 4.8226 3229
860 316 890 306 4.71874 3229
860 324 894 318 4.69478 3164
860 332 894 322 4.733 3164
860 84 1036 60 5.79445 1144
860 348 894 338 4.65182 3164
860 356 892 344 4.73031 3164
860 364 892 352 4.68459 3164
860 92 1036 68 5.80502 1144
860 100 1038 78 5.80994 1144
860 108 1038 88 5.82695 1144
860 116 1038 98 5.83366 1144
860 124 1038 110 5.82331 1144
868 132 1046 118 5.83598 1585
868 140 1046 126 5.8406 1144
868 148 1046 138 5.63804 1585
868 172 1058 170 5.34295 1478
868 44 1048 6 5.71837 1585
868 180 1058 178 5.31142 217
868 188 1058 192 5.18068 798
868 196 1058 202 5.26911 798
868 204 1058 212 5.27229 798
868 52 1048 18 5.69253 1585
868 60 1048 28 5.68523 1531
868 244 890 236 4.78303 7648
868 252 892 244 4.89278 740
868 260 892 250 4.89204 3164
868 268 894 258 4.90274 3164
868 68 1050 38 5.76325 1144
868 276 894 266 4.87779 3229
868 284 892 274 4.8028 3229
868 76 1048 48 5.81445 1531
868 308 908 306 4.73033 2599
868 316 908 314 4.81885 2526
868 324 902 314 4.83534 708
868 332 900 320 4.78267 708
868 84 1050 58 5.82535 1531
868 340 900 330 4.79306 7453
868 348 900 336 4.76508 708
868 356 900 344 4.84896 3080
868 92 1046 70 5.7662 1144
868 100 1048 78 5.82869 1144
868 108 1048 86 5.82571 1144
868 116 1048 102 5.83435 1144
868 124 1046 110 5.84211 1144
876 140 1054 130 5.56714 1062
876 148 1062 154 5.23632 1478
876 156 1054 142 5.3581 1531
876 164 1072 160 5.39541 587
876 172 1070 170 5.42762 587
876 44 1058 6 5.71247 1531
876 180 1070 180 5.27667 142
876 188 1072 194 5.04266 473
876 196 1082 204 5.31615 155
876 204 1082 212 5.3392 155
876 52 1058 16 5.62235 1531
876 212 1070 224 5.21238 155
876 220 1070 234 5.23577 155
876 228 1070 244 5.20421 272
876 60 1058 30 5.69826 1531
876 252 898 244 4.86013 740
876 260 900 250 4.87817 3164
876 268 900 256 4.84179 3164
876 68 1058 38 5.74279 1062
876 276 902 264 4.85778 3164
876 284 900 272 4.86643 3164
876 76 1058 48 5.81099 1531
876 316 914 314 4.74013 2526
876 332 912 326 4.88767 3164
876 84 1058 58 5.81277 1531
876 340 910 328 4.85943 3164
876 348 910 338 4.7334 3164
876 356 906 344 4.82442 3164
876 92 1058 70 5.75564 1531
876 108 1054 88 5.75241 1062
876 124 1058 110 5.70821 1062
220 140 314 136 5.09342 425
220 36 314 36 4.70961 555
220 148 314 144 5.162 494
220 164 306 160 5.32996 494
220 220 276 214 5.31619 446
220 228 274 226 5.34592 446
220 236 274 238 5.36075 446
220 244 270 246 5.35705 446
220 276 254 290 4.97104 152
220 284 242 298 4.95563 547
220 292 242 304 4.89862 1117
220 76 312 70 4.98196 140
220 316 246 350 4.77765 1117
220 20 310 14 4.71775 1016
220 84 304 84 4.97205 1655
220 100 312 96 5.21285 309
220 108 312 104 5.21502 309
220 28 314 30 4.73287 555
220 116 310 112 5.18109 180
220 124 314 120 5.09567 309
884 140 1070 130 5.55626 579
884 148 1070 154 5.13433 587
884 156 1070 142 5.30165 233
884 172 1082 170 5.42045 587
884 180 1082 180 5.34176 241
884 188 1084 194 5.07105 1246
884 204 1088 212 5.3454 155
884 52 1064 18 5.62423 643
884 212 1082 224 5.26513 155
884 220 1082 234 5.24327 155
884 228 1082 244 5.25111 272
884 236 1086 254 5.11017 367
884 60 1066 28 5.66767 643
884 244 1086 266 5.08495 406
884 252 1086 282 4.94794 162
884 268 906 254 4.90353 3229
884 68 1072 38 5.74161 708
884 276 908 264 4.89497 3164
884 284 906 272 4.84214 3164
884 76 1070 48 5.75245 1316
884 324 922 322 4.78357 3164
884 84 1070 58 5.71276 1316
884 340 918 328 4.86234 3164
884 356 920 354 4.89287 3080
884 364 918 350 4.88915 3164
884 92 1068 70 5.72624 643
884 100 1070 78 5.77833 1316
884 108 1068 88 5.74466 1835
884 116 1070 106 5.68825 708
884 124 1070 112 5.62944 708
892 132 1078 120 5.75691 1767
892 140 1078 130 5.75139 420
892 148 1080 140 5.59873 1041
892 156 1080 150 5.49396 420
892 164 1090 160 5.19238 579
892 172 1094 170 5.35446 241
892 44 1082 6 5.69563 643
892 180 1094 180 5.3645 241
892 196 1090 202 5.29852 155
892 52 1082 18 5.66066 643
892 212 1090 224 5.21046 155
892 220 1094 236 5.17718 272
892 228 1094 244 5.20951 272
892 236 1094 254 5.25176 17
892 60 1076 28 5.68854 1316
892 244 1104 270 5.25814 17
892 252 1106 280 5.3061 17
892 268 914 258 4.88192 3229
892 68 1082 38 5.76867 420
892 76 1080 48 5.83514 643
892 324 952 326 4.70314 534
892 332 934 328 4.69799 1989
892 84 1080 58 5.83755 643
892 340 1102 338 4.72254 6137
892 92 1082 70 5.81043 643
892 100 1080 78 5.81594 643
892 108 1078 90 5.79119 974
892 116 1078 102 5.77156 420
892 124 1078 106 5.77703 420
900 132 1090 122 5.741 1767
900 140 1090 134 5.74267 420
900 148 1090 142 5.66976 362
900 156 1090 150 5.65537 362
900 44 1092 6 5.70094 643
900 180 1092 186 5.20455 636
900 188 1108 194 5.01527 1616
900 196 1108 202 5.29676 17
900 204 1102 212 5.32679 155
900 52 1092 14 5.59674 643
900 212 1102 224 5.15936 155
900 220 1104 234 5.19194 272
900 228 1106 244 5.21347 272
900 236 1106 256 5.23764 17
900 68 1090 38 5.74916 420
900 76 1090 48 5.82893 643
900 332 942 330 4.73874 1989
900 84 1090 58 5.83859 643
900 340 952 338 4.72335 1508
900 356 934 350 4.76503 3682
900 364 938 354 4.76628 3682
900 92 1090 70 5.77631 643
900 100 1090 78 5.80082 643
900 108 1090 88 5.78483 974
900 116 1090 98 5.75527 420
900 124 1090 110 5.74623 420
908 132 1102 120 5.73299 362
908 140 1102 130 5.73513 362
908 148 1102 142 5.71565 169
908 156 1102 150 5.69706 169
908 164 1106 162 5.34275 526
908 172 1102 174 5.31584 232
908 44 1102 6 5.71047 643
908 180 1102 182 5.36659 232
908 188 1114 190 5.13505 1829
908 196 1116 202 5.25376 17
908 204 1114 212 5.22615 17
908 52 1102 18 5.68087 643
908 212 1118 226 5.27723 17
908 220 1118 234 5.26392 17
908 228 1120 246 5.2897 17
908 236 1122 256 5.30587 17
908 60 1102 26 5.74565 643
908 244 1114 270 5.2778 17
908 252 1116 280 5.32543 17
908 268 1114 290 5.10073 14
908 68 1104 38 5.78236 420
908 276 1118 300 5.12842 14
908 284 1102 302 4.99985 13
908 76 1102 48 5.81068 643
908 324 1120 328 4.68952 6137
908 332 946 330 4.70713 3080
908 84 1102 58 5.77396 643
908 340 974 338 4.7322 534
908 356 944 350 4.69282 3755
908 92 1102 68 5.79064 643
908 100 1102 78 5.7572 643
908 108 1102 88 5.76333 974
908 116 1102 98 5.77342 233
908 124 1102 110 5.77075 233
228 132 320 128 5.27871 297
228 140 320 136 5.31207 559
228 36 326 34 4.6685 174
228 148 320 144 5.32872 297
228 156 318 152 5.35236 559
228 164 316 160 5.37112 297
228 172 314 168 5.37607 297
228 44 324 42 5.06894 277
228 204 288 200 4.90382 1276
228 52 324 50 5.19313 297
228 236 274 240 5.29613 316
228 60 324 56 5.18828 297
228 252 270 258 5.10988 316
228 68 324 64 5.15896 277
228 284 260 300 4.97785 152
228 300 230 320 4.93997 149
228 84 322 78 5.09689 1303
228 92 322 86 5.06905 151
228 100 320 96 5.2137 309
228 108 320 104 5.26723 559
228 28 326 28 4.74895 389
228 116 318 112 5.24034 559
228 124 320 120 5.21271 297
916 132 1112 118 5.67212 1767
916 140 1118 130 5.62763 233
916 148 1112 142 5.64088 169
916 156 1112 148 5.65465 169
916 164 1114 162 5.32616 341
916 172 1114 170 5.45315 612
916 44 1112 6 5.68164 643
916 180 1116 182 5.52493 612
916 204 1122 210 5.19188 17
916 52 1114 18 5.61051 643
916 212 1128 224 5.23226 17
916 220 1128 234 5.25559 17
916 228 1130 246 5.30114 17
916 236 1130 256 5.26735 17
916 60 1114 26 5.73311 643
916 244 1122 270 5.29913 17
916 252 1124 282 5.32548 17
916 268 1126 294 5.19926 32
916 68 1112 38 5.76168 420
916 276 1122 300 5.14107 14
916 284 1106 302 5.0294 13
916 76 1112 48 5.79491 643
916 308 970 312 4.80158 6675
916 84 1112 58 5.7761 643
916 340 984 338 4.72222 534
916 364 950 358 4.6237 3080
916 92 1112 68 5.79545 643
916 100 1112 78 5.7206 643
916 108 1114 88 5.76041 974
916 116 1112 96 5.67641 1767
924 132 1122 122 5.69772 169
924 140 1122 130 5.70595 169
924 148 1122 138 5.69355 169
924 156 1122 150 5.69148 169
924 164 1122 162 5.65474 1106
924 172 1122 170 5.57209 584
924 44 1124 6 5.68281 281
924 180 1124 182 5.58093 584
924 188 1124 190 5.35513 1133
924 196 1124 202 5.37608 1829
924 52 1124 18 5.67385 281
924 212 1142 222 5.15955 17
924 220 1142 234 5.0891 17
924 228 1142 246 5.23953 17
924 236 1144 256 5.2359 17
924 60 1124 26 5.60272 587
924 244 1146 274 5.26023 17
924 252 1142 282 5.27142 17
924 260 1134 288 5.23406 32
924 68 1126 36 5.65627 281
924 276 1130 300 5.01451 14
924 76 1126 46 5.69414 281
924 316 976 320 4.76081 6675
924 84 1126 56 5.68312 281
924 364 960 358 4.67011 3080
924 92 1124 68 5.71115 281
924 100 1124 78 5.73095 281
924 108 1124 88 5.66157 169
924 116 1122 98 5.70416 169
924 124 1122 106 5.70211 169
932 132 1132 120 5.7512 233
932 140 1132 130 5.73671 233
932 148 1132 138 5.70622 233
932 156 1132 146 5.71036 233
932 164 1132 160 5.64331 1106
932 172 1132 172 5.55614 584
932 44 1132 6 5.7003 281
932 180 1132 182 5.59394 584
932 188 1132 190 5.35788 1133
932 196 1134 202 5.31682 1829
932 204 1154 214 5.17351 1560
932 52 1132 16 5.69572 281
932 212 1154 224 5.21659 17
932 220 1154 234 5.21673 17
932 228 1154 246 5.2476 17
932 236 1154 256 5.25533 17
932 60 1132 26 5.61222 587
932 252 1152 280 5.27242 17
932 260 1142 288 5.22287 32
932 268 1144 294 5.20356 32
932 68 1138 34 5.62257 281
932 284 1126 314 4.94597 13
932 76 1138 48 5.63354 281
932 308 966 312 4.78053 1846
932 316 970 320 4.78048 1846
932 324 978 328 4.73794 6675
932 84 1138 58 5.69881 281
932 364 1026 360 4.5929 5017
932 92 1134 68 5.70233 281
932 100 1132 78 5.73202 281
932 108 1132 90 5.6872 169
932 116 1132 100 5.6939 169
932 124 1132 108 5.70444 169
940 132 1142 120 5.75239 233
940 140 1142 130 5.7382 233
940 148 1142 138 5.73507 233
940 156 1142 148 5.72691 233
940 164 1142 160 5.65739 341
940 172 1144 172 5.58481 232
940 180 1144 180 5.56154 232
940 188 1144 192 5.30906 684
940 196 1144 200 5.22513 1829
940 204 1140 206 5.15314 1347
940 52 1152 14 5.63915 1090
940 212 1162 222 5.16406 4
940 220 1166 236 5.10642 1560
940 228 1164 246 5.07064 7
940 236 1168 256 5.17483 17
940 60 1152 24 5.69813 526
940 260 1150 286 5.21257 32
940 268 1150 296 5.16224 32
940 68 1152 34 5.66793 526
940 284 1136 314 4.97043 30
940 76 1146 50 5.31632 526
940 324 984 328 4.72346 6675
940 84 1146 58 5.66513 1090
940 92 1146 68 5.61531 526
940 100 1142 78 5.65932 233
940 108 1146 88 5.62028 1090
940 116 1142 100 5.58613 233
940 124 1144 110 5.55183 527
236 132 328 128 5.21133 297
236 140 328 136 5.3179 559
236 148 330 144 5.2931 297
236 156 328 152 5.33418 297
236 164 322 160 5.36016 297
236 172 322 168 5.37469 297
236 44 330 46 4.94055 277
236 180 318 176 5.24697 140
236 52 330 48 5.17383 297
236 212 270 210 5.18875 1008
236 60 330 56 5.19937 297
236 252 264 254 5.12201 152
236 260 270 270 5.07384 712
236 268 270 278 5.09933 712
236 68 332 64 5.16718 140
236 292 238 312 4.95418 149
236 300 238 320 4.91786 149
236 76 330 72 5.02301 297
236 308 230 330 4.83968 572
236 316 254 350 4.79236 1117
236 84 330 80 5.11904 1655
236 100 330 94 5.19907 493
236 108 328 104 5.23986 559
236 28 332 26 4.67285 389
236 116 326 112 5.27284 559
948 132 1154 120 5.73973 632
948 140 1154 130 5.7347 632
948 148 1154 138 5.6951 527
948 156 1154 150 5.56093 632
948 164 1154 162 5.57662 1106
948 172 1152 172 5.58868 232
948 180 1154 182 5.5903 232
948 188 1154 190 5.4183 7
948 196 1158 196 5.34831 2340
948 204 1142 208 5.16233 1957
948 52 1160 14 5.6347 1090
948 212 1178 224 5.06865 17
948 220 1178 236 5.15536 1560
948 228 1178 246 5.20516 17
948 236 1178 258 5.21641 4
948 60 1160 24 5.68954 526
948 244 1180 266 5.21111 4
948 252 1166 278 5.16971 17
948 260 1160 286 5.13917 42
948 268 1160 298 5.05705 42
948 68 1160 34 5.66142 526
948 276 1118 304 4.81026 160
948 76 1160 46 5.56982 769
948 332 1120 338 4.68907 5044
948 84 1158 58 5.60265 1090
948 364 946 362 4.50524 8195
948 92 1156 68 5.62024 526
948 100 1158 78 5.64399 1090
948 108 1156 90 5.62947 1090
948 116 1154 100 5.52976 632
948 124 1154 110 5.52045 527
956 132 1166 120 5.48027 472
956 140 1166 130 5.63676 526
956 148 1166 138 5.58527 526
956 156 1166 152 5.52614 526
956 164 1166 160 5.54724 526
956 172 1166 172 5.52586 232
956 44 1166 6 5.67698 526
956 180 1166 182 5.56689 232
956 188 1164 190 5.41538 7
956 196 1162 196 5.35758 2340
956 52 1170 16 5.65923 526
956 212 1190 226 5.02838 32
956 220 1190 236 5.12479 4
956 228 1190 246 5.15238 7
956 236 1190 256 5.21163 4
956 60 1168 24 5.59268 1090
956 244 1188 266 5.22403 4
956 260 1184 290 5.15147 1088
956 300 1168 308 4.78506 1311
956 76 1168 48 5.71322 526
956 84 1168 58 5.70215 526
956 340 1022 344 4.63072 1749
956 92 1168 70 5.66289 1090
956 100 1166 78 5.64652 1090
956 108 1166 90 5.6524 1090
956 116 1166 100 5.34463 612
956 124 1166 112 5.35913 612
60 156 150 142 4.63519 10986
60 164 160 150 4.67796 9777
60 172 158 164 4.86015 9325
60 44 150 50 4.50087 11072
60 180 154 174 4.81034 9325
60 188 158 184 4.81178 9325
60 204 154 198 4.77266 9570
60 220 74 220 4.94099 14008
60 236 70 234 4.92076 14008
60 244 72 244 4.92897 14008
60 252 80 258 4.80191 14008
60 68 150 72 4.44036 11157
60 276 82 282 4.96872 14008
60 300 50 324 4.80746 12337
60 76 128 66 4.46867 10534
60 308 74 342 4.73329 15317
60 20 150 6 4.52346 11072
60 324 68 366 4.71741 15317
60 332 62 372 4.77724 16237
60 84 174 98 4.4924 11187
60 92 170 104 4.48101 11187
60 28 152 22 4.46719 11072
964 132 1174 122 5.11923 315
964 140 1176 128 5.56267 526
964 148 1178 138 5.60752 526
964 156 1176 150 5.584 526
964 164 1176 158 5.57194 526
964 172 1176 172 5.55284 232
964 44 1178 6 5.64534 526
964 180 1176 182 5.56181 232
964 188 1176 188 5.38376 684
964 204 1202 214 4.96892 4
964 52 1178 14 5.62587 526
964 212 1202 224 5.0059 4
964 220 1202 236 4.80615 32
964 228 1202 246 5.0127 837
964 236 1202 256 5.11707 4
964 60 1176 24 5.52852 1090
964 244 1194 266 5.15644 7
964 268 1154 296 4.98074 10
964 68 1174 36 5.47247 1090
964 76 1178 48 5.71532 526
964 324 1130 330 4.67765 5044
964 84 1178 58 5.7035 526
964 356 1026 354 4.65638 5290
964 100 1178 78 5.61481 1090
964 108 1178 88 5.63418 1090
964 116 1176 96 5.00089 232
964 124 1174 112 4.9961 325
972 132 1182 118 5.25173 472
972 140 1184 126 5.32405 769
972 156 1186 142 5.45124 769
972 172 1186 174 5.53556 612
972 44 1190 6 5.56003 769
972 180 1186 182 5.52845 612
972 188 1186 190 5.2925 7
972 196 1186 198 5.22108 2340
972 204 1210 216 4.94235 4
972 52 1188 14 5.49179 769
972 212 1210 224 4.87748 4
972 236 1210 258 5.04769 4
972 60 1188 26 5.49342 1489
972 260 1206 280 5.10252 4
972 268 1182 298 4.89553 32
972 68 1186 34 5.45519 1489
972 76 1190 46 5.69001 769
972 84 1190 58 5.68246 769
972 348 1178 348 4.57172 6120
972 356 1034 354 4.61971 5290
972 92 1190 68 5.56156 769
972 100 1190 78 5.56113 769
972 108 1190 88 5.57084 1489
972 116 1190 98 5.19185 612
972 124 1182 110 5.19514 612
244 132 338 128 5.24862 297
244 140 338 136 5.3544 559
244 148 338 144 5.3659 559
244 156 338 152 5.30611 297
244 164 330 160 5.34958 297
244 172 330 168 5.33833 297
244 52 338 50 5.09287 494
244 220 278 216 5.27209 400
244 60 338 56 5.19203 140
244 4 318 0 4.57839 3257
244 268 276 278 5.11429 712
244 68 338 64 5.1845 140
244 284 252 298 4.97592 174
244 300 250 320 4.87204 149
244 76 338 72 5.09535 717
244 308 250 328 4.83137 554
244 84 338 80 5.16277 1303
244 92 338 90 5.18944 151
244 100 338 96 5.23508 493
244 108 336 104 5.2378 559
244 28 340 26 4.68758 389
244 116 334 112 5.27971 559
244 124 338 120 5.22572 297
980 132 1200 114 5.03656 629
980 148 1202 126 4.78841 629
980 156 1198 152 4.89298 1072
980 164 1202 162 4.96304 1049
980 172 1200 174 5.18566 1300
980 44 1200 6 5.09376 883
980 180 1200 182 5.13092 1300
980 188 1200 192 4.81291 1049
980 196 1192 214 4.70309 1950
980 52 1200 14 5.0786 883
980 60 1202 26 4.87934 470
980 68 1202 32 4.63518 883
980 300 1178 310 4.81402 1764
980 84 1202 62 5.11309 1617
980 356 1064 356 4.59875 4056
980 92 1202 66 5.29766 883
980 100 1200 74 5.27345 883
980 108 1202 86 5.12105 1617
980 124 1200 102 5.03925 629
988 132 1210 118 5.06657 1300
988 156 1208 150 4.78693 1300
988 164 1208 158 4.78474 1300
988 172 1210 172 5.11156 1300
988 180 1210 180 5.16151 1300
988 52 1214 12 4.74161 2021
988 308 1162 318 4.8004 2770
988 316 1158 328 4.84307 2770
988 84 1210 60 4.87332 2420
988 356 1178 358 4.596 6120
988 92 1210 66 4.92197 1724
988 108 1210 86 4.66968 2420
988 124 1210 110 5.04488 1300
996 132 1226 142 4.56555 162
996 148 1224 154 4.81893 2031
996 156 1222 158 4.91435 1032
996 164 1222 162 5.05606 1032
996 172 1224 170 5.16173 1032
996 44 1228 2 4.79681 2021
996 180 1222 182 5.14751 1032
996 188 1222 192 4.74568 162
996 196 1220 202 4.81117 146
996 52 1228 14 4.83715 1379
996 60 1230 24 4.92362 1599
996 68 1230 34 4.99316 1599
996 76 1226 48 4.73744 1599
996 308 1168 318 4.80624 2770
996 316 1166 328 4.79357 2770
996 84 1226 58 4.6713 1599
996 100 1220 76 4.58544 25430
996 108 1224 86 4.60957 1032
996 116 1226 94 4.63982 1032
1004 132 1232 142 4.63234 162
1004 140 1232 146 4.62911 1599
1004 156 1234 158 4.80389 1032
1004 164 1234 162 5.07358 1032
1004 172 1234 170 5.16032 1032
1004 44 1236 2 4.70073 2021
1004 180 1232 182 5.13988 1032
1004 188 1230 192 4.92601 178
1004 204 1234 214 4.74529 1534
1004 52 1238 16 4.7579 1379
1004 60 1240 24 4.92548 1599
1004 68 1240 34 4.94014 1599
1004 292 1006 298 4.71829 5632
1004 76 1234 50 4.58228 1599
1004 308 1178 318 4.82369 2770
1004 316 1176 328 4.83024 2770
1004 324 1082 328 4.55576 5606
1004 332 1166 340 4.58101 8994
1004 84 1234 56 4.67839 1599
1004 348 1166 356 4.61174 5044
1004 108 1224 98 4.64287 1379
1004 116 1232 94 4.64371 1032
1004 124 1230 104 4.52172 1032
252 132 346 126 5.27864 297
252 140 346 136 5.3581 559
252 148 346 144 5.34632 559
252 164 338 160 5.36057 297
252 172 338 168 5.30375 297
252 44 344 40 5.01342 277
252 52 346 48 5.08443 297
252 252 274 258 5.04596 174
252 292 258 312 4.87525 149
252 300 258 320 4.85464 149
252 76 344 72 4.98417 717
252 308 258 328 4.84818 554
252 84 346 80 5.07559 1303
252 92 346 90 5.17968 151
252 100 346 96 5.2456 493
1012 156 1240 156 4.59904 1072
1012 164 1240 162 5.06343 178
1012 172 1240 174 4.96356 178
1012 180 1240 182 4.96464 1072
1012 188 1240 194 4.9642 178
1012 196 1238 202 4.97934 243
1012 204 1240 214 4.77232 1534
1012 52 1240 16 4.50255 1692
1012 236 1192 254 4.75236 243
1012 76 1224 46 4.53283 1692
1012 308 1184 318 4.83437 2770
1012 316 1186 328 4.81021 2770
1012 348 1206 356 4.58636 7094
1012 92 1222 96 4.46667 2696
1012 108 1240 70 4.59317 2137
1020 140 1082 134 4.59781 5632
1020 196 1240 202 4.80122 1088
1020 52 1214 38 4.46213 3186
1020 60 1214 46 4.52041 3186
1020 92 1232 96 4.45575 2696
1020 108 1174 90 4.62422 6821
1020 116 1174 98 4.65443 6821
1020 124 1174 110 4.65656 6821
4 132 30 126 4.33187 12481
4 36 90 44 4.41996 9687
4 164 106 158 4.90299 9750
4 172 106 166 4.9473 9570
4 44 106 58 4.47722 10072
4 180 106 174 4.95018 9570
4 188 104 182 4.97002 9570
4 12 114 28 4.44644 10087
4 196 104 190 4.9798 9570
4 204 104 198 4.98499 9570
4 212 106 206 4.9311 9570
4 220 104 214 4.94201 9570
4 228 36 226 4.88051 14255
4 236 34 238 4.90651 12651
4 244 36 246 4.90749 13713
4 252 28 254 4.83954 12651
4 4 110 22 4.45988 10087
4 268 22 274 4.94588 12651
4 276 20 286 4.9031 12651
4 300 14 320 4.8591 13359
4 76 72 64 4.4412 9933
4 364 14 372 4.40424 13359
4 124 128 132 4.37318 13501
260 140 352 136 5.2958 180
260 148 352 144 5.2843 180
260 156 350 152 5.25679 242
260 12 354 10 4.64721 4559
260 252 258 264 4.99694 547
260 260 262 272 4.96235 149
260 68 354 72 4.92965 124
260 284 270 310 5.05712 149
260 364 222 354 4.73349 1842
260 116 348 110 5.26554 414
260 124 350 118 5.27616 414
268 132 358 128 5.16622 559
268 164 352 160 5.2471 317
268 44 334 34 4.81963 180
268 12 350 10 4.65104 1016
268 268 268 280 5.00484 547
268 100 356 94 5.16342 309
268 108 356 102 5.23981 559
268 116 358 112 5.28199 414
68 156 168 142 4.64857 10897
68 164 168 150 4.7473 9777
68 172 164 164 4.75748 9325
68 180 166 174 4.84236 9325
68 188 168 182 4.87297 9325
68 12 166 0 4.56431 11072
68 196 170 190 4.82891 9325
68 284 70 298 4.87882 12531
68 300 56 324 4.79208 12337
68 76 136 66 4.56912 10534
68 316 92 332 4.69326 12070
68 20 162 8 4.55666 11072
68 332 86 310 4.72583 12833
68 100 74 120 4.25314 7909
68 28 162 16 4.46628 11072
276 132 366 128 5.20544 559
276 156 358 154 5.17426 425
276 12 368 8 4.6251 3965
276 84 366 74 5.01474 1303
276 340 266 322 4.961 2933
276 100 366 96 5.15048 309
276 108 368 104 5.21285 559
276 116 366 112 5.19742 559
276 124 366 120 5.19762 559
284 132 372 128 5.26748 559
284 140 374 136 5.18326 722
284 44 350 32 4.73029 673
284 52 350 30 4.94279 494
284 212 304 214 4.60983 717
284 260 290 272 4.83031 149
284 308 270 296 5.07775 1655
284 84 370 70 5.02029 1303
284 356 314 340 4.8163 1615
284 364 278 358 4.8069 2481
284 92 372 82 4.99094 1303
284 108 374 102 5.24696 559
284 116 374 112 5.16462 559
284 124 374 120 5.25521 559
292 132 380 128 5.25593 648
292 36 368 6 4.81105 730
292 148 362 140 5.16793 543
292 156 362 150 5.17135 441
292 164 362 158 5.16956 441
292 172 360 164 4.94629 543
292 44 356 24 4.79058 989
292 52 358 34 4.90106 1389
292 60 354 42 4.90234 1389
292 68 358 52 4.80627 900
292 300 264 288 5.06068 1285
292 76 356 60 4.91936 989
292 308 278 296 5.08572 1655
292 324 302 304 5.23312 2149
292 332 302 314 5.27058 2149
292 84 356 68 4.98272 989
292 340 298 324 5.13878 901
292 364 286 362 4.84241 2481
292 108 380 102 5.18871 648
292 28 366 0 4.78565 901
292 116 380 110 5.20361 648
292 124 380 120 5.20875 648
300 132 386 128 5.055 441
300 36 378 10 4.8244 730
300 156 370 150 5.1997 441
300 164 370 158 5.1818 441
300 44 366 24 4.80451 761
300 196 286 194 4.79642 879
300 204 288 198 4.78858 879
300 52 368 34 4.99495 1094
300 60 366 42 5.00793 373
300 244 284 234 5.06094 879
300 4 352 6 4.61997 1343
300 260 286 254 5.13718 372
300 268 282 262 5.17157 372
300 68 368 52 4.91658 373
300 284 282 270 5.26508 372
300 76 366 60 4.91451 761
300 316 314 302 5.17559 984
300 324 314 306 5.25302 2149
300 332 312 314 5.26401 2149
300 340 308 322 5.17911 901
300 92 368 78 5.08346 761
300 100 370 88 5.08717 761
300 108 388 102 5.21438 441
300 28 378 0 4.75238 901
300 116 388 112 5.16812 441
76 36 134 46 4.43649 10534
76 164 174 154 4.48753 10567
76 188 186 182 4.44656 10700
76 12 174 0 4.57993 11072
76 204 166 198 4.87697 9574
76 212 166 206 4.82724 9574
76 220 166 214 4.84448 9202
76 228 164 222 4.87639 9202
76 236 150 242 4.83264 10567
76 252 86 250 4.81934 12531
76 268 82 276 4.89772 12531
76 68 142 58 4.56939 10534
76 284 162 302 4.85283 9202
76 20 170 10 4.50016 11072
76 332 96 312 4.70984 12833
76 340 110 322 4.72679 9574
308 140 380 138 4.92832 277
308 36 384 14 4.67009 730
308 164 378 160 5.02219 277
308 44 374 24 4.87687 761
308 204 296 200 4.94079 543
308 52 376 30 4.89875 1094
308 220 294 216 4.77547 2004
308 60 374 42 5.02401 373
308 244 294 234 5.05952 543
308 252 294 242 5.23234 226
308 260 292 248 5.29844 320
308 268 294 258 5.31312 320
308 68 376 52 5.03683 1146
308 292 306 278 5.09878 441
308 76 376 62 5.01086 1211
308 308 282 282 5.12656 3006
308 316 278 286 5.15326 3006
308 332 322 314 5.23547 2149
308 84 376 70 5.12081 1594
308 92 376 78 5.12368 713
308 100 378 88 5.16133 713
308 116 396 110 5.12544 286
308 124 396 118 4.97822 277
316 132 406 124 4.9951 277
316 148 390 142 4.88721 277
316 164 390 158 5.02103 277
316 44 384 26 4.86639 989
316 196 302 190 4.93619 333
316 52 384 34 4.9375 1594
316 60 384 42 5.07425 409
316 244 298 234 4.97134 543
316 252 300 242 5.17212 226
316 260 300 248 5.33623 152
316 268 300 258 5.35306 152
316 68 386 52 5.10546 716
316 276 302 264 5.34023 152
316 292 314 278 5.10599 286
316 76 384 60 5.08808 716
316 308 296 278 5.10184 3006
316 20 384 0 4.56871 200
316 332 330 314 5.2218 2149
316 356 300 362 4.87423 2904
316 364 306 358 4.95258 2904
316 92 386 80 5.12233 713
316 100 386 90 5.10611 713
316 28 392 4 4.66363 901
316 116 404 112 5.11097 277
20 36 82 38 4.40335 10534
20 164 120 158 5.05032 9777
20 172 120 166 5.11835 9325
20 44 124 54 4.47261 9986
20 180 120 174 5.11704 9325
20 188 120 182 5.11032 9325
20 196 120 190 5.10988 9325
20 204 120 198 5.00686 9325
20 52 122 62 4.49494 9986
20 212 120 206 4.98352 9325
20 220 124 214 4.97937 9570
20 228 124 222 4.9903 9570
20 236 52 234 4.90357 13645
20 252 42 256 4.94382 14570
20 260 40 264 4.88699 12531
20 268 36 274 4.92778 13645
20 68 128 74 4.4757 9986
20 276 32 288 4.91246 12137
20 292 26 312 4.88682 14570
20 300 30 320 4.852 14570
20 308 20 342 4.81543 12337
20 316 22 354 4.81521 12337
20 20 78 22 4.38439 10078
20 324 114 304 4.72711 12737
20 332 18 372 4.75557 12337
20 84 90 74 4.48116 10285
20 364 6 360 4.58293 13391
20 100 0 56 4.15198 16948
20 108 74 164 4.16846 9378
20 28 78 30 4.41913 10078
20 124 102 104 4.26459 11601
324 132 398 124 5.04391 716
324 180 308 176 5.15261 297
324 188 308 184 5.03683 297
324 196 308 194 5.07121 297
324 204 308 200 5.08984 297
324 60 394 44 5.05306 409
324 244 310 234 4.9988 297
324 260 310 246 5.31175 152
324 68 394 52 5.0939 716
324 276 306 262 5.37752 174
324 284 308 270 5.39098 174
324 76 394 62 5.15326 558
324 332 338 314 5.24254 2149
324 84 394 70 5.12471 558
324 348 342 332 5.07449 2405
324 364 318 358 4.94387 4257
324 92 396 80 5.05117 409
324 100 398 88 5.14355 1594
324 108 394 98 5.10476 1594
324 124 414 118 5.0774 1095
332 132 420 128 5.14234 770
332 36 394 12 4.68823 716
332 148 410 142 5.01498 781
332 156 410 150 4.98888 781
332 172 310 170 4.97524 277
332 44 394 20 4.73606 716
332 188 316 188 5.14019 242
332 204 316 198 5.15186 242
332 212 318 204 4.95026 124
332 220 316 210 4.72151 896
332 236 318 230 5.16306 180
332 244 318 234 5.32862 242
332 252 318 242 5.32693 242
332 260 316 250 5.30057 121
332 68 406 54 5.05222 854
332 276 318 262 5.33614 174
332 284 318 270 5.38438 174
332 292 326 278 5.19956 286
332 76 402 62 5.12356 558
332 316 334 300 5.22695 984
332 324 338 306 5.28054 984
332 84 404 70 5.12248 1115
332 340 342 326 5.18188 984
332 348 308 334 5.1479 2596
332 356 308 344 4.99567 180
332 364 350 364 4.90675 4452
332 92 406 82 5.06024 1115
332 100 408 90 5.15361 1115
332 108 406 98 5.14433 1115
332 116 406 104 5.06906 713
332 124 420 120 5.11548 770
84 172 174 166 4.55344 9586
84 188 194 182 4.46967 10700
84 196 178 192 4.62446 9586
84 204 174 198 4.88162 9574
84 212 174 206 4.86813 9574
84 220 176 214 4.8587 9574
84 68 150 56 4.4892 10846
84 76 154 66 4.48144 10846
84 20 194 26 4.39295 10672
340 132 428 128 5.12188 1143
340 36 402 10 4.80587 854
340 148 422 140 5.0919 1863
340 180 326 178 5.15754 242
340 188 326 190 5.07449 242
340 204 324 198 5.1756 242
340 212 324 204 5.17891 414
340 220 324 214 5.18742 414
340 228 324 218 5.15543 263
340 236 324 230 5.22889 263
340 60 418 46 5.06605 633
340 244 324 232 5.33844 242
340 252 326 242 5.29205 242
340 268 326 254 5.38 263
340 276 326 260 5.37821 263
340 76 410 62 5.08942 633
340 316 346 302 5.24226 984
340 324 346 306 5.29357 2149
340 332 350 314 5.27762 2149
340 84 414 70 5.16665 1061
340 340 354 322 5.2074 984
340 348 316 334 5.15421 2596
340 356 314 344 5.00906 180
340 92 414 80 5.16623 1061
340 116 428 114 5.18678 1732
340 124 428 120 5.18373 1732
348 132 438 130 5.21526 2206
348 36 418 22 4.80323 1496
348 156 442 142 4.89054 1496
348 44 418 26 5.02341 1658
348 180 332 180 5.18868 242
348 12 416 8 4.55703 1113
348 196 332 190 5.26479 242
348 204 332 198 5.264 242
348 52 422 36 4.95104 2317
348 212 332 206 5.22646 414
348 228 334 218 5.37131 290
348 236 332 226 5.33276 290
348 244 332 234 5.27609 290
348 252 332 240 5.25066 290
348 260 332 248 5.36008 290
348 68 422 52 5.24205 1496
348 292 338 280 5.28765 277
348 76 418 58 5.1195 1496
348 316 322 298 5.22081 1285
348 324 356 306 5.2933 2149
348 332 356 314 5.25464 2149
348 84 422 72 5.18565 1496
348 340 362 322 5.21054 901
348 364 310 362 4.91701 2596
348 92 422 80 5.18461 1496
348 100 438 94 4.90548 854
348 108 422 98 5.18053 1031
348 116 438 112 5.17741 1732
348 124 438 120 5.23036 2206
356 132 444 128 5.23988 2402
356 36 430 22 4.80705 1496
356 148 430 152 5.17222 3133
356 156 430 162 5.13895 3133
356 44 430 24 5.04086 2679
356 180 338 182 5.22422 242
356 196 340 190 5.25364 242
356 204 338 198 5.2414 242
356 52 430 34 5.1341 3133
356 212 340 206 5.17536 124
356 228 340 220 5.38118 114
356 236 340 226 5.40943 114
356 60 430 42 5.18025 1874
356 244 340 234 5.45184 114
356 252 338 240 5.44262 114
356 4 422 2 4.69654 1438
356 260 338 248 5.46968 114
356 68 430 54 5.29332 2282
356 276 332 262 5.46135 114
356 284 334 270 5.46152 114
356 292 334 276 5.291 192
356 76 430 62 5.29062 1874
356 84 430 72 5.319 3133
356 348 328 334 5.0301 2596
356 92 430 80 5.33202 2402
356 100 430 90 5.30236 2402
356 108 430 98 5.35211 2402
356 116 430 106 5.34013 2402
356 124 444 120 5.21556 2402
364 132 450 126 5.41197 1144
364 140 450 136 5.35453 1144
364 36 434 14 4.81676 1144
364 148 452 144 5.26953 1144
364 156 452 152 5.35963 1144
364 164 450 170 5.06737 2228
364 172 454 178 5.19809 2228
364 44 438 22 4.96211 1585
364 180 348 180 5.10562 192
364 188 346 186 5.01169 331
364 204 350 198 5.00298 331
364 212 346 206 5.08739 2149
364 228 348 220 5.3973 114
364 236 346 226 5.36695 114
364 60 438 42 5.2191 852
364 244 348 234 5.42772 114
364 252 346 240 5.47133 114
364 4 426 2 4.6658 1438
364 260 346 248 5.48398 114
364 284 338 268 5.47729 114
364 292 338 274 5.29801 192
364 300 342 290 5.24005 331
364 76 438 62 5.26165 1874
364 324 330 306 5.25539 2004
364 340 350 322 5.19465 595
364 364 342 362 4.87129 2904
364 92 440 80 5.33525 2402
364 100 440 88 5.31188 2402
364 116 438 106 5.28377 2402
92 244 94 238 4.52919 9585
92 268 94 262 4.74886 9585
92 276 94 274 4.67885 9585
92 356 62 346 4.57497 12481
92 116 92 140 4.33087 7546
372 132 460 128 5.61442 1062
372 140 460 136 5.62672 1062
372 36 446 16 5.12216 1062
372 148 460 144 5.57527 1699
372 156 458 152 5.40114 1062
372 172 456 178 5.21383 2263
372 52 446 34 5.23714 3133
372 60 448 44 5.25141 947
372 244 354 234 5.36125 114
372 4 432 4 4.6141 1438
372 268 354 254 5.39754 114
372 68 446 52 5.23821 947
372 276 342 262 5.44226 114
372 292 352 272 5.22997 192
372 76 448 60 5.246 852
372 316 342 300 5.24343 2004
372 20 450 6 4.8242 2739
372 84 446 70 5.28201 852
372 92 448 80 5.26604 1699
372 108 448 96 5.19934 1062
372 28 446 6 4.8819 1699
372 116 446 106 5.27304 1699
372 124 460 120 5.54281 1699
380 132 468 128 5.61181 1062
380 140 468 136 5.62448 1062
380 36 454 16 5.14829 711
380 148 468 144 5.58792 711
380 156 468 152 5.57641 711
380 164 462 170 5.21596 2263
380 172 358 170 5.17644 286
380 44 454 24 5.19046 711
380 188 358 186 5.08815 333
380 204 354 198 5.12433 140
380 52 454 34 5.24331 3133
380 212 354 206 5.12818 140
380 228 360 218 5.41782 152
380 236 360 226 5.46768 152
380 60 456 44 5.22931 947
380 244 360 234 5.41418 152
380 252 358 240 5.47192 152
380 68 456 52 5.24606 947
380 276 354 262 5.45323 114
380 284 350 268 5.46697 114
380 76 458 62 5.20615 947
380 316 352 300 5.18696 2004
380 84 456 70 5.25966 1961
380 92 456 78 5.41705 1672
380 100 454 88 5.43201 711
380 108 456 98 5.48186 711
380 28 458 6 4.93792 1672
380 116 462 110 5.27108 1672
380 124 468 120 5.529 1699
388 132 476 128 5.60914 1062
388 140 476 136 5.61332 1062
388 36 460 16 5.12001 711
388 148 476 144 5.60365 1062
388 156 476 152 5.60737 1062
388 164 476 162 5.1712 1531
388 172 362 170 5.17606 286
388 44 462 24 5.14069 711
388 180 364 178 5.14894 286
388 188 364 184 5.03989 333
388 196 366 194 4.93937 140
388 220 358 216 5.05512 2149
388 228 370 218 5.49331 114
388 236 368 226 5.47809 114
388 244 368 232 5.44649 114
388 260 362 248 5.50714 114
388 284 362 268 5.45068 114
388 292 376 274 5.10198 538
388 76 466 62 5.30509 947
388 20 470 0 4.81934 2577
388 92 464 78 5.35024 1672
388 100 466 90 5.48327 708
388 108 466 98 5.55188 708
388 28 466 10 4.97315 1699
388 116 468 108 5.5185 708
388 124 466 114 5.411 708
396 132 484 128 5.57499 1062
396 140 484 136 5.57324 1062
396 36 470 16 5.15959 711
396 148 482 144 5.54844 1062
396 156 484 152 5.58312 1062
396 164 484 160 5.26689 1531
396 172 374 170 5.17838 192
396 44 472 22 5.13594 711
396 180 372 178 5.0288 192
396 188 372 186 5.06063 114
396 196 372 194 4.99341 1522
396 212 374 206 5.30481 2004
396 220 374 214 5.16044 3006
396 60 464 36 5.05828 711
396 244 376 232 5.44221 114
396 252 374 240 5.50043 114
396 260 368 248 5.50986 114
396 276 366 262 5.47486 372
396 300 366 284 5.1708 1285
396 76 472 62 5.2708 947
396 316 366 298 5.22255 1285
396 324 366 308 5.26933 1285
396 84 474 72 5.34728 1686
396 92 474 80 5.34341 1989
396 100 476 90 5.54337 848
396 108 474 98 5.58694 848
396 116 476 108 5.58466 848
396 124 474 118 5.48645 848
100 244 102 246 4.62537 10922
100 260 102 254 4.75917 9585
100 268 102 262 4.76706 9585
100 276 102 270 4.68227 9585
100 100 94 126 4.33194 6879
100 116 96 140 4.454 6879
100 124 96 146 4.45238 6879
404 132 482 122 5.31307 1593
404 36 482 16 5.18037 711
404 172 378 170 5.20065 192
404 180 380 178 5.13921 192
404 188 382 184 5.05214 114
404 196 378 194 4.90888 1522
404 52 472 30 4.98007 711
404 212 382 206 5.29138 2004
404 228 382 218 5.45627 114
404 236 382 226 5.47682 114
404 60 482 38 5.16836 550
404 252 378 240 5.50035 114
404 68 484 62 5.32404 987
404 276 374 262 5.50398 114
404 284 374 268 5.51031 114
404 300 378 290 5.19995 1285
404 76 482 70 5.32456 987
404 308 378 298 5.1829 1285
404 324 378 308 5.24593 2004
404 84 482 72 5.2921 1346
404 92 484 80 5.54976 1593
404 100 484 90 5.62201 654
404 108 482 98 5.64104 654
404 116 482 106 5.6389 654
404 124 484 116 5.64802 654
412 132 494 124 5.6242 420
412 148 492 144 5.67925 420
412 156 492 154 5.59186 420
412 172 390 170 5.19403 192
412 44 492 28 5.20916 643
412 180 388 178 5.19483 192
412 188 388 184 5.09136 114
412 204 390 198 5.19996 2004
412 52 492 38 5.18173 974
412 212 390 206 5.27251 2004
412 220 386 212 5.18953 3006
412 228 388 218 5.47645 114
412 236 388 226 5.45824 114
412 60 492 42 5.46098 332
412 244 388 232 5.44289 114
412 252 386 240 5.50094 114
412 260 386 248 5.46014 114
412 268 390 256 5.46512 372
412 68 492 52 5.5082 332
412 276 382 262 5.51477 114
412 284 386 268 5.48282 114
412 300 390 290 5.22661 1285
412 76 492 64 5.50679 332
412 324 386 308 5.22751 1285
412 84 492 72 5.54368 332
412 92 492 82 5.55657 1041
412 100 492 90 5.67616 420
412 108 492 98 5.71754 420
412 28 472 2 4.97118 1041
412 116 490 106 5.69028 420
412 124 492 116 5.66519 420
420 132 500 124 5.64421 362
420 140 498 132 5.65051 362
420 36 488 2 5.02256 1035
420 156 498 142 5.67326 362
420 172 394 170 5.08473 538
420 44 500 28 5.21672 643
420 180 396 178 4.94576 538
420 188 398 184 4.84316 333
420 204 396 198 5.25348 2004
420 52 498 36 5.22863 974
420 212 394 206 5.27173 2004
420 220 394 212 5.14559 3006
420 228 396 218 5.42307 372
420 236 396 226 5.45381 372
420 60 498 42 5.51004 332
420 244 396 232 5.42676 372
420 252 394 240 5.48289 372
420 260 396 248 5.46296 372
420 68 500 54 5.52737 332
420 276 394 262 5.47232 372
420 284 392 268 5.47603 372
420 300 386 280 5.15725 2004
420 76 500 62 5.58214 332
420 84 498 72 5.56684 332
420 92 500 80 5.5923 1041
420 100 500 88 5.69006 420
420 108 498 98 5.7133 420
420 28 480 2 4.92378 1041
420 116 500 106 5.70601 362
420 124 502 114 5.69212 362
428 132 508 122 5.69111 281
428 140 508 132 5.70368 169
428 36 502 6 5.01143 169
428 148 508 138 5.6664 362
428 156 508 146 5.66348 362
428 172 402 170 4.90645 286
428 44 502 16 5.14454 281
428 180 402 176 4.85477 333
428 188 506 182 4.88869 1244
428 196 404 186 4.93951 956
428 204 400 198 5.30233 2042
428 52 510 32 5.2634 587
428 212 402 206 5.30166 2042
428 220 400 212 5.10236 333
428 236 402 222 5.2391 152
428 60 508 40 5.49574 332
428 244 402 234 5.34818 152
428 252 402 240 5.4571 152
428 260 402 248 5.46825 152
428 68 508 48 5.52867 332
428 276 404 262 5.44398 152
428 284 406 268 5.37519 152
428 76 508 62 5.53663 217
428 316 504 354 5.06231 749
428 84 508 70 5.50467 549
428 348 368 324 5.02003 277
428 92 508 78 5.49223 1035
428 100 508 88 5.63343 169
428 108 506 98 5.70774 281
428 116 508 106 5.72944 169
428 124 508 116 5.71634 169
108 156 106 144 4.49375 10256
108 172 198 166 4.60088 4522
108 364 96 348 4.49676 15573
108 116 104 140 4.52389 6879
436 132 516 124 5.70375 281
436 140 518 132 5.68184 169
436 36 514 6 5.06294 233
436 148 516 142 5.56882 473
436 156 518 150 5.5822 169
436 164 516 158 5.16613 281
436 44 510 18 5.33029 341
436 188 518 186 5.17918 57
436 196 408 186 5.21536 1224
436 204 410 198 5.30355 2042
436 52 510 26 5.30562 341
436 220 410 212 5.2155 333
436 228 410 218 5.31849 152
436 236 410 226 5.35932 152
436 60 516 42 5.4643 332
436 244 410 232 5.44958 152
436 252 410 240 5.45512 152
436 268 410 254 5.46542 152
436 68 516 48 5.49587 332
436 276 410 262 5.4314 152
436 284 410 268 5.38164 152
436 292 510 334 4.99652 1461
436 76 516 62 5.33227 332
436 308 398 286 5.0967 140
436 84 516 70 5.49317 549
436 92 516 78 5.52003 440
436 100 518 88 5.66918 169
436 108 514 98 5.6958 281
436 28 514 8 4.96374 595
436 116 516 106 5.72935 169
436 124 516 116 5.70432 169
444 132 526 124 5.75121 140
444 36 524 10 5.22906 135
444 156 526 152 5.4378 135
444 172 526 174 5.42419 140
444 44 522 20 5.5301 280
444 180 526 182 5.35305 140
444 196 416 190 5.17327 1224
444 204 416 198 5.19601 1224
444 52 524 30 5.55411 280
444 212 416 204 5.12488 277
444 236 416 230 5.23827 174
444 60 524 40 5.43864 280
444 244 416 234 5.15388 174
444 252 418 240 5.16902 151
444 260 416 248 5.31169 174
444 68 526 50 5.48263 280
444 276 418 262 5.29471 174
444 292 502 336 5.04075 1880
444 300 502 346 5.12473 1880
444 316 504 362 5.09203 1880
444 84 524 70 5.41084 703
444 92 526 78 5.47984 440
444 100 522 88 5.6761 362
444 108 522 98 5.66215 281
444 116 526 106 5.74426 333
28 140 132 144 4.43205 12877
28 36 136 46 4.42664 10142
28 52 130 54 4.40204 10672
28 220 134 214 4.98135 9570
28 228 132 222 4.9654 9570
28 236 62 234 4.9194 12137
28 252 52 256 4.81085 12531
28 4 90 0 4.39323 10078
28 260 50 266 4.90876 14570
28 268 46 274 4.95894 14570
28 68 142 82 4.40113 9986
28 284 38 286 4.91825 12531
28 292 42 296 4.82887 12651
28 76 118 76 4.40462 9816
28 308 30 342 4.80266 12337
28 20 118 32 4.38841 9530
28 324 26 366 4.79385 10505
28 332 26 370 4.78767 10505
28 100 74 158 4.16897 9378
28 28 138 38 4.44458 10142
28 124 52 122 4.31079 12481
452 132 534 124 5.78894 151
452 140 534 132 5.79437 151
452 36 534 12 5.42605 174
452 148 534 142 5.77162 151
452 156 534 148 5.71325 174
452 164 534 158 5.49825 277
452 172 532 176 5.63297 151
452 44 530 22 5.4659 280
452 180 532 184 5.61377 151
452 196 534 194 5.58985 20
452 204 534 202 5.26437 39
452 52 532 30 5.57948 174
452 228 526 234 5.15885 19
452 236 526 242 5.46537 20
452 60 532 38 5.55631 277
452 252 526 262 5.30685 19
452 260 522 280 5.3339 41
452 268 522 290 5.37963 41
452 68 532 50 5.55493 277
452 276 518 306 5.25129 41
452 284 518 314 5.20975 41
452 300 506 346 5.13048 1880
452 20 534 2 5.05467 39
452 84 530 70 5.42778 174
452 356 388 326 5.00779 317
452 92 532 76 5.54227 440
452 100 528 90 5.52273 169
452 108 530 98 5.63141 281
452 28 536 6 5.363 389
452 116 534 106 5.7403 333
452 124 534 114 5.79718 151
460 132 542 124 5.838 124
460 140 542 132 5.82551 124
460 36 542 12 5.57605 121
460 148 542 142 5.84228 124
460 156 542 146 5.75203 3
460 172 542 170 5.73921 124
460 44 542 20 5.56646 180
460 180 542 182 5.75838 124
460 188 542 190 5.70722 0
460 196 542 194 5.75773 0
460 204 538 204 5.61239 10
460 52 542 30 5.61168 242
460 212 538 214 5.69346 3
460 220 536 222 5.70722 1075
460 228 538 232 5.73766 1075
460 236 538 242 5.63617 10
460 60 540 40 5.59357 242
460 244 534 254 5.56123 3
460 252 536 262 5.65038 3
460 260 534 274 5.4803 0
460 268 530 290 5.49383 10
460 68 540 48 5.61209 180
460 276 526 306 5.56293 13
460 284 526 314 5.57303 13
460 292 544 326 5.18682 27
460 300 518 346 5.17829 684
460 76 540 58 5.52046 180
460 308 530 342 5.1681 684
460 316 530 350 5.20431 684
460 84 540 66 5.6344 242
460 356 396 330 4.97526 317
460 364 478 362 4.90127 2741
460 92 540 76 5.62898 1172
460 100 540 84 5.63952 1172
460 108 542 90 5.50216 121
460 28 544 6 5.39169 14
460 116 542 102 5.57686 242
460 124 542 114 5.83041 124
116 140 114 126 4.47157 15358
116 156 202 154 4.68443 3928
116 164 206 160 4.82915 4697
116 180 204 174 4.76408 3928
116 188 204 178 4.58041 4697
468 132 552 126 5.81205 124
468 140 552 134 5.82393 124
468 36 550 12 5.54748 121
468 148 550 142 5.82905 124
468 156 550 148 5.78832 7
468 164 550 154 5.7859 4
468 172 550 166 5.7478 414
468 44 550 20 5.62361 180
468 180 550 178 5.73465 124
468 188 550 186 5.75839 0
468 196 550 196 5.74228 0
468 204 546 206 5.66886 4
468 52 550 30 5.61946 242
468 212 546 214 5.73311 7
468 220 546 224 5.74452 4
468 228 546 232 5.75536 4
468 236 546 242 5.72567 7
468 60 550 40 5.60418 242
468 244 546 254 5.61669 164
468 260 542 274 5.51368 0
468 268 538 290 5.45889 10
468 68 548 48 5.52071 180
468 276 538 306 5.59215 13
468 284 534 314 5.57934 13
468 292 524 338 5.19306 1101
468 76 554 54 5.42807 317
468 308 518 354 5.14694 1101
468 332 398 310 5.0538 425
468 84 550 66 5.65709 242
468 340 398 318 5.00921 425
468 348 402 324 4.95248 425
468 364 526 372 4.86591 4038
468 92 548 76 5.62905 1172
468 100 548 84 5.63505 263
468 108 552 98 5.50479 317
468 116 550 106 5.63317 414
468 124 552 114 5.80624 124
476 132 560 124 5.81287 124
476 140 560 130 5.82022 124
476 36 560 10 5.45076 121
476 148 560 138 5.84194 124
476 156 560 150 5.82455 3
476 164 560 160 5.80537 124
476 172 560 168 5.79871 494
476 44 560 22 5.55372 180
476 180 560 178 5.7971 124
476 188 560 186 5.73224 3
476 196 560 196 5.73784 0
476 204 558 204 5.71897 10
476 52 560 30 5.53515 180
476 212 558 212 5.73566 7
476 220 552 222 5.75471 4
476 228 554 232 5.77583 4
476 236 556 242 5.72744 10
476 60 558 38 5.50031 494
476 244 558 252 5.59463 110
476 252 554 264 5.54348 3
476 260 550 274 5.48755 4
476 268 552 282 5.49783 70
476 68 560 50 5.48037 494
476 276 550 306 5.61535 13
476 284 550 314 5.56444 13
476 76 560 56 5.5609 425
476 308 538 354 5.1931 684
476 316 522 358 5.19523 759
476 84 560 66 5.53718 494
476 340 406 318 4.95196 559
476 348 408 326 4.93851 559
476 92 560 76 5.62252 1810
476 100 558 84 5.75846 309
476 108 558 94 5.71858 309
476 28 562 0 5.39964 14
476 116 560 106 5.74341 494
476 124 560 114 5.82327 124
484 132 568 124 5.82489 124
484 140 568 130 5.82024 124
484 36 568 10 5.54693 121
484 148 568 140 5.8014 124
484 156 568 154 5.79321 3
484 164 568 162 5.80035 124
484 172 568 168 5.79436 494
484 44 568 22 5.57495 180
484 180 568 178 5.80052 124
484 188 568 186 5.75357 3
484 196 568 196 5.75349 0
484 204 568 204 5.73241 10
484 52 568 28 5.59287 722
484 212 568 214 5.71085 7
484 228 566 232 5.76612 4
484 236 564 242 5.73352 10
484 60 566 36 5.59785 722
484 244 564 252 5.72772 164
484 252 562 264 5.58064 69
484 260 566 274 5.47873 4
484 268 562 286 5.46511 131
484 68 568 50 5.62613 722
484 276 554 306 5.60631 13
484 284 554 314 5.5765 13
484 292 558 324 5.16677 187
484 300 526 346 5.22646 759
484 76 568 56 5.60077 490
484 308 530 354 5.18689 759
484 316 534 360 5.21548 759
484 84 568 66 5.70435 1608
484 340 466 282 4.85738 1211
484 364 502 362 4.93562 4393
484 92 568 78 5.69181 1810
484 100 566 84 5.73175 309
484 108 566 94 5.70378 309
484 28 568 2 5.4325 979
484 116 568 106 5.79138 722
484 124 568 114 5.82459 124
492 132 576 122 5.76132 3
492 140 576 130 5.7928 124
492 148 576 140 5.8117 124
492 156 576 148 5.74994 3
492 164 576 160 5.67675 124
492 44 578 18 5.48852 559
492 52 576 28 5.59315 722
492 212 574 216 5.76334 3
492 220 574 226 5.76832 3
492 228 574 234 5.74525 4
492 236 574 242 5.71765 164
492 60 576 38 5.6049 397
492 244 574 254 5.72054 164
492 252 578 266 5.59736 3
492 260 574 274 5.65029 0
492 68 576 46 5.58201 397
492 292 562 336 5.20418 684
492 300 558 344 5.19238 684
492 76 578 60 5.59718 648
492 20 574 34 4.35802 5781
492 84 578 70 5.64172 724
492 92 576 76 5.70277 1172
492 100 576 84 5.71778 464
492 28 576 0 5.43921 979
492 116 576 102 5.78484 722
492 124 576 110 5.76907 722
124 132 206 122 4.65747 4136
124 148 206 150 4.65947 4969
124 164 212 158 4.9965 4136
124 172 212 166 4.99712 4136
124 180 212 174 4.99393 3320
124 188 212 180 4.94698 4136
124 196 212 186 4.75434 4115
124 20 118 114 4.34115 10173
124 116 116 142 4.44335 6879
500 132 586 122 5.77673 7
500 36 586 12 5.43851 464
500 148 586 140 5.8088 414
500 156 586 150 5.80536 414
500 164 586 160 5.78706 298
500 172 586 168 5.7622 414
500 44 586 18 5.51156 648
500 180 584 178 5.7741 298
500 188 584 184 5.76038 7
500 196 584 196 5.71613 4
500 204 584 206 5.63067 1075
500 52 584 30 5.51937 724
500 212 582 216 5.72263 3
500 220 582 226 5.7279 3
500 228 582 234 5.72019 1075
500 236 582 244 5.71218 3
500 60 586 36 5.58871 397
500 244 582 254 5.69819 110
500 252 584 266 5.67034 3
500 260 584 274 5.64721 0
500 68 586 46 5.59243 397
500 292 570 336 5.2254 684
500 300 568 346 5.23259 684
500 76 586 60 5.5855 648
500 308 578 354 5.14782 1079
500 84 586 66 5.66466 724
500 364 526 362 4.90192 4393
500 92 586 74 5.73289 1172
500 100 586 84 5.7579 464
500 108 586 94 5.773 648
500 28 586 0 5.39107 62
500 116 586 104 5.74942 648
500 124 586 114 5.72569 124
508 132 596 122 5.8408 124
508 140 594 134 5.83454 124
508 36 594 6 5.4943 493
508 148 594 142 5.8378 494
508 156 594 150 5.8564 374
508 164 594 158 5.85454 374
508 172 594 168 5.84279 374
508 44 594 16 5.48778 493
508 180 594 178 5.83696 374
508 188 594 186 5.80728 24
508 196 594 196 5.79513 593
508 204 594 204 5.78563 593
508 52 596 26 5.54368 724
508 212 594 214 5.77527 593
508 220 594 224 5.75216 686
508 228 594 234 5.76161 942
508 236 592 242 5.67676 7
508 60 596 36 5.61356 490
508 244 590 256 5.66175 3
508 252 592 266 5.67639 3
508 260 582 274 5.66431 0
508 268 586 282 5.57698 10
508 68 594 44 5.57028 490
508 300 562 344 5.20349 759
508 76 594 56 5.60339 648
508 316 584 358 5.10048 1079
508 84 594 66 5.64325 724
508 92 594 76 5.7173 1671
508 100 596 84 5.67668 1671
508 108 596 96 5.71013 425
508 116 594 106 5.76678 494
508 124 596 114 5.83349 124
1028 156 1182 126 4.56924 6078
1028 172 1052 192 4.49463 4504
1028 188 1048 206 4.52925 4504
1028 252 1002 262 4.74978 17649
1028 260 1240 286 4.72846 788
1028 68 1230 64 4.49796 3186
1028 284 1002 314 4.71634 6702
1028 76 1226 74 4.61262 3186
1036 148 1198 130 4.68135 6078
1036 268 1000 292 4.5852 4675
1036 68 1234 64 4.47931 3186
1036 276 998 304 4.70357 4675
1036 284 1010 314 4.72942 6702
1036 76 1234 74 4.57097 3186
1036 108 1196 90 4.72699 6821
1036 116 1196 100 4.74278 6821
1036 124 1196 104 4.7764 6821
1044 148 1208 130 4.7164 6078
1044 156 1208 138 4.69579 6078
1044 228 1022 238 4.76339 13189
1044 252 1234 286 4.73772 4312
1044 260 1232 290 4.71721 4312
1044 268 1008 294 4.62181 4675
1044 332 1038 340 4.62796 4029
1044 84 1190 54 4.4464 2987
1052 228 1028 238 4.79186 13189
1052 236 1030 244 4.7896 13189
1052 260 1240 292 4.74257 4312
1052 124 1218 106 4.63232 6901
1060 236 1034 244 4.77679 4675
1060 252 1030 258 4.73938 4675
1060 348 1060 354 4.57354 8195
1068 228 1038 236 4.71865 4675
1076 228 1042 236 4.7138 4675
1076 236 1042 242 4.76058 4675
1084 252 1062 272 4.68676 22673
1092 60 1240 6 4.2653 7776
1092 68 1240 14 4.30032 7776
1092 276 1048 310 4.6101 21154
1100 268 1214 302 4.76508 10157
1100 308 1034 318 4.63878 14321
1108 268 1218 302 4.76208 10157
1108 276 1078 312 4.6174 20909
1108 364 1086 366 4.56046 15868
1116 244 1208 280 4.75619 10588
1116 260 1224 296 4.74166 10588
1116 340 698 344 4.56868 19883
1116 364 1212 372 4.54768 14869
1116 108 682 118 4.46634 17761
1124 204 1104 220 4.65604 23788
1124 276 1040 310 4.59957 25856
1124 340 1098 350 4.56224 15868
1124 356 1106 362 4.6022 15868
1124 364 1106 372 4.51163 15868
1132 364 1114 372 4.57542 15868
1140 252 1240 278 4.72966 12802
1140 356 1122 366 4.51826 18379
1140 364 1240 372 4.49725 14869
1148 220 1124 238 4.57917 23788
